2015-12-18	-0.009707	-0.002982	0.009230	-0.009722	-6.510009	6841300.000000
2015-12-17	-0.007577	0.006259	0.009959	-0.007577	-5.119996	3681600.000000
2015-12-16	0.026008	0.007470	0.028407	0.001032	17.130005	3964500.000000
2015-12-15	0.001110	0.010822	0.020656	-0.000851	0.730042	4753400.000000
2015-12-14	0.027743	0.002499	0.028806	-0.007623	17.759949	4329700.000000
2015-12-11	-0.033473	-0.016744	-0.006704	-0.034273	-22.169983	5474400.000000
2015-12-10	-0.003715	0.001203	0.005626	-0.007867	-2.469971	3440200.000000
2015-12-09	-0.018514	0.000989	0.002466	-0.031964	-12.540039	5158200.000000
2015-12-08	0.011197	-0.010003	0.015168	-0.014989	7.500000	3651900.000000
2015-12-07	-0.004178	0.003122	0.004192	-0.018048	-2.809998	3732800.000000
2015-12-04	0.009591	-0.000375	0.012803	-0.007280	6.390015	4534800.000000
2015-12-03	-0.014438	0.005074	0.010029	-0.021494	-9.760010	5064700.000000
2015-12-02	-0.004491	0.002857	0.008482	-0.007083	-3.049988	4273500.000000
2015-12-01	0.021450	0.013463	0.024368	0.004603	14.260010	4751200.000000
2015-11-30	-0.012566	0.003921	0.011927	-0.012863	-8.460022	5693200.000000
2015-11-27	-0.003080	0.008085	0.008366	-0.004798	-2.080017	1966800.000000
2015-11-25	0.006243	0.005736	0.012739	0.000134	4.190003	2697900.000000
2015-11-24	-0.011547	-0.007143	-0.004698	-0.026186	-7.839966	4543400.000000
2015-11-23	0.015768	0.004563	0.021423	0.002498	10.539978	4385100.000000
2015-11-20	0.010858	0.010087	0.011493	-0.005595	7.179992	3896100.000000
2015-11-19	-0.003421	0.002185	0.014046	-0.006842	-2.269958	4705200.000000
2015-11-18	0.031463	0.004990	0.033546	0.004772	20.239990	4469800.000000
2015-11-17	-0.006962	0.004384	0.008398	-0.010512	-4.510010	4320200.000000
2015-11-16	0.008500	-0.002226	0.011894	-0.031229	5.460022	7435900.000000
2015-11-13	-0.034931	-0.003050	0.002103	-0.037785	-23.250000	6261100.000000
2015-11-12	-0.011363	-0.000371	0.003550	-0.013413	-7.650024	4284700.000000
2015-11-11	0.020571	0.005412	0.024679	0.005412	13.570007	5387300.000000
2015-11-10	0.006392	-0.006835	0.006880	-0.012555	4.190003	3489500.000000
2015-11-09	-0.005884	-0.001092	0.003928	-0.017471	-3.880005	4048800.000000
2015-11-06	0.005674	-0.000991	0.010082	-0.005567	3.719971	4092200.000000
2015-11-05	0.022935	0.009595	0.025041	0.003339	14.700012	4723800.000000
2015-11-04	0.025012	0.003918	0.032976	0.003262	15.640014	4840500.000000
2015-11-03	-0.004838	0.001878	0.002451	-0.010106	-3.039978	3246900.000000
2015-11-02	0.003914	0.001965	0.004362	-0.008771	2.449952	2816500.000000
2015-10-30	-0.001037	-0.000862	0.006655	-0.002027	-0.649964	3874400.000000
2015-10-29	0.015314	0.000972	0.016918	-0.002771	9.450012	3896000.000000
2015-10-28	0.009967	0.002111	0.010180	-0.002471	6.089966	3926200.000000
2015-10-27	0.003943	-0.000016	0.010023	-0.005061	2.400025	3787100.000000
2015-10-26	0.015992	0.005459	0.018062	-0.004574	9.579956	4269700.000000
2015-10-23	0.062280	0.095352	0.098491	0.055771	35.120056	10692700.000000
2015-10-22	0.014646	0.012469	0.024075	0.001619	8.139953	7779400.000000
2015-10-21	-0.009111	0.005331	0.007791	-0.014905	-5.109985	3343600.000000
2015-10-20	-0.021408	-0.002006	-0.000262	-0.031179	-12.270019	4327900.000000
2015-10-19	0.004187	0.000000	0.014437	-0.005922	2.390014	4375400.000000
2015-10-16	0.014793	0.005032	0.015113	-0.003787	8.320008	4315800.000000
2015-10-15	0.032322	0.005359	0.033350	0.003983	17.609985	4937000.000000
2015-10-14	-0.007415	0.004445	0.006103	-0.016797	-4.070007	3582100.000000
2015-10-13	-0.002345	-0.007143	0.005471	-0.012887	-1.289978	2938000.000000
2015-10-12	0.019248	0.000296	0.020415	0.000000	10.390014	2776100.000000
2015-10-09	0.012454	0.002476	0.016187	-0.005420	6.640015	3537400.000000
2015-10-08	-0.016201	-0.009650	-0.004705	-0.040687	-8.780029	4676400.000000
2015-10-07	0.008298	0.008019	0.008410	-0.015777	4.460022	3812100.000000
2015-10-06	-0.011404	0.003348	0.014383	-0.019037	-6.200013	4502800.000000
2015-10-05	0.020919	0.008356	0.025106	0.006497	11.140015	3391400.000000
2015-10-02	0.022699	-0.014845	0.022815	-0.024236	11.820007	4597800.000000
2015-10-01	0.017250	-0.001739	0.017406	-0.011506	8.829956	3768500.000000
2015-09-30	0.031891	0.018888	0.033725	0.011289	15.820008	4004700.000000
2015-09-29	-0.015851	0.003849	0.014720	-0.026902	-7.989991	4457500.000000
2015-09-28	-0.038512	-0.008069	-0.007573	-0.057072	-20.190002	5434500.000000
2015-09-25	-0.017799	0.016525	0.016955	-0.023138	-9.500000	4031000.000000
2015-09-24	-0.004328	-0.010297	-0.002817	-0.024624	-2.320007	3501000.000000
2015-09-23	-0.004328	-0.000186	0.005219	-0.008172	-2.330017	2237600.000000
2015-09-22	-0.018217	-0.015828	-0.008826	-0.028684	-9.989991	3841700.000000
2015-09-21	0.015048	0.007533	0.017621	-0.001240	8.130005	3283300.000000
2015-09-18	0.002579	-0.007887	0.013677	-0.013955	1.390015	6160100.000000
2015-09-17	0.021768	-0.000777	0.037126	-0.001555	11.479980	4169500.000000
2015-09-16	0.009610	-0.000747	0.011352	-0.007370	5.020020	2252800.000000
2015-09-15	0.001899	0.003587	0.012544	-0.008017	0.989990	2865900.000000
2015-09-14	-0.015224	0.000000	0.005685	-0.020512	-8.059997	3130200.000000
2015-09-11	0.013787	-0.002240	0.013787	-0.003121	7.200012	3227900.000000
2015-09-10	0.010350	-0.003366	0.017876	-0.004082	5.349975	2576000.000000
2015-09-09	-0.001256	0.012482	0.023979	-0.004792	-0.649963	4370700.000000
2015-09-08	0.037154	0.019419	0.038778	0.019058	18.539978	3810700.000000
2015-09-04	-0.011333	-0.014008	-0.003705	-0.017990	-5.720001	2692500.000000
2015-09-03	-0.011419	0.007737	0.010361	-0.015630	-5.829987	3149700.000000
2015-09-02	0.028215	0.017219	0.028840	0.002376	14.009979	3707100.000000
2015-09-01	-0.031878	-0.026809	-0.005635	-0.037942	-16.350006	3864500.000000
2015-08-31	-0.009884	-0.003031	0.002703	-0.017258	-5.119995	3002300.000000
2015-08-28	-0.000694	-0.001678	0.006038	-0.010282	-0.359985	2746700.000000
2015-08-27	0.035146	0.025840	0.043773	0.012960	17.600006	6114500.000000
2015-08-26	0.073761	0.037845	0.080087	0.026567	34.399994	6358600.000000
2015-08-25	0.006474	0.052053	0.056262	0.006215	3.000000	5679300.000000
2015-08-24	-0.062896	-0.062471	-0.036180	-0.087912	-31.100006	10097600.000000
2015-08-21	-0.041316	-0.016325	-0.006689	-0.041316	-21.310028	6706500.000000
2015-08-20	-0.032162	-0.004747	0.000619	-0.032181	-17.139954	4408000.000000
2015-08-19	-0.003925	-0.002392	0.004168	-0.011252	-2.100037	2313500.000000
2015-08-18	-0.000374	-0.000336	0.007978	-0.004148	-0.199951	2071300.000000
2015-08-17	0.006961	-0.000433	0.013584	-0.008278	3.699951	2581700.000000
2015-08-14	0.003512	-0.002662	0.008402	-0.002662	1.860047	1994800.000000
2015-08-13	0.007130	0.002776	0.016638	-0.000799	3.750000	2895200.000000
2015-08-12	-0.002939	-0.007034	0.000076	-0.027301	-1.550049	3962300.000000
2015-08-11	0.006603	-0.000668	0.009504	-0.003817	3.460022	2676600.000000
2015-08-10	0.002641	0.011289	0.018484	0.000727	1.380005	2615900.000000
2015-08-07	-0.012919	-0.000567	0.000000	-0.021248	-6.840027	3969200.000000
2015-08-06	-0.014059	0.004264	0.010670	-0.017672	-7.549988	3820500.000000
2015-08-05	0.009607	0.012972	0.013612	0.004174	5.109986	2889400.000000
2015-08-04	-0.005850	-0.009981	0.003589	-0.010971	-3.130005	2934600.000000
2015-08-03	-0.002089	0.002425	0.008001	-0.012664	-1.119995	3014200.000000
2015-07-31	-0.001136	0.004341	0.011327	-0.004173	-0.609986	3025600.000000
2015-07-30	0.014669	-0.002552	0.019282	-0.008904	7.760010	3743100.000000
2015-07-29	0.005646	0.009296	0.013193	-0.001920	2.969971	3752600.000000
2015-07-28	-0.010124	0.008637	0.009371	-0.015600	-5.379944	5273100.000000
2015-07-27	0.003759	-0.003154	0.029334	-0.005327	1.989990	7491000.000000
2015-07-24	0.097972	0.200776	0.204052	0.097827	47.239990	21909400.000000
2015-07-23	-0.012473	0.006943	0.006943	-0.025744	-6.089996	9374400.000000
2015-07-22	0.000553	-0.004119	0.009221	-0.006352	0.269989	3114900.000000
2015-07-21	-0.000205	-0.000410	0.001598	-0.011371	-0.100006	3181800.000000
2015-07-20	0.010538	0.019793	0.021097	0.004948	5.089996	4752500.000000
2015-07-17	0.015837	0.004669	0.020905	0.003723	7.529999	4932200.000000
2015-07-16	0.030985	0.009345	0.031852	0.007828	14.290009	4095600.000000
2015-07-15	-0.009408	-0.005434	-0.001869	-0.011534	-4.380005	2987400.000000
2015-07-14	0.021951	0.014817	0.030797	0.005685	10.000000	4736200.000000
2015-07-13	0.027192	0.010778	0.032378	0.009087	12.059997	3956800.000000
2015-07-10	0.020995	0.014043	0.023780	0.010613	9.119995	2401000.000000
2015-07-09	0.010915	0.012101	0.020991	0.010356	4.690003	2262900.000000
2015-07-08	-0.016074	-0.005427	-0.001672	-0.018067	-7.019989	2383100.000000
2015-07-07	0.001559	-0.000826	0.003876	-0.024012	0.679992	3454200.000000
2015-07-06	-0.003815	-0.005666	0.004615	-0.009573	-1.669982	1903200.000000
2015-07-02	0.000732	-0.000892	0.001852	-0.008939	0.319976	1343400.000000
2015-07-01	0.007602	0.012117	0.013615	0.003432	3.300019	1987100.000000
2015-06-30	0.009840	0.010096	0.013283	0.001396	4.230011	2596900.000000
2015-06-29	-0.018809	-0.007122	-0.002511	-0.020772	-8.240021	2753200.000000
2015-06-26	-0.004544	0.003772	0.007703	-0.011452	-2.000000	2624500.000000
2015-06-25	-0.001679	-0.006283	0.005966	-0.010094	-0.739990	2237500.000000
2015-06-24	-0.011547	-0.002287	0.001076	-0.012915	-5.149994	2620800.000000
2015-06-23	0.022233	-0.001604	0.024640	-0.005959	9.699981	3245000.000000
2015-06-22	0.003150	0.004782	0.009933	-0.001702	1.369996	1823600.000000
2015-06-19	-0.010173	0.001980	0.012745	-0.013997	-4.470002	4495100.000000
2015-06-18	0.027068	0.005820	0.027863	0.003740	11.580017	3378400.000000
2015-06-17	0.001287	0.002574	0.009573	-0.005875	0.549988	2185900.000000
2015-06-16	0.008474	0.001133	0.010149	-0.002360	3.589997	2296400.000000
2015-06-15	-0.014538	-0.005257	-0.004350	-0.016933	-6.250000	2051000.000000
2015-06-12	-0.007044	-0.003973	-0.001409	-0.010878	-3.049988	2054400.000000
2015-06-11	0.005107	0.003529	0.018850	0.001625	2.200012	2922500.000000
2015-06-10	0.012433	0.002303	0.015794	0.000423	5.289978	2172300.000000
2015-06-09	0.004675	-0.001275	0.009421	-0.010295	1.980011	2288700.000000
2015-06-08	-0.008081	-0.003115	-0.000351	-0.012929	-3.450012	2172500.000000
2015-06-05	-0.008891	-0.002600	0.000046	-0.009935	-3.829987	1907900.000000
2015-06-04	-0.013308	-0.005016	0.000389	-0.016789	-5.809997	2510800.000000
2015-06-03	0.012993	0.007912	0.017170	0.004084	5.600006	2720800.000000
2015-06-02	0.000162	-0.001973	0.005361	-0.010837	0.069977	1668900.000000
2015-06-01	0.003937	0.002726	0.009156	-0.007059	1.690002	2253300.000000
2015-05-29	0.006236	0.001547	0.013902	0.001547	2.660004	3016100.000000
2015-05-28	-0.011242	-0.003964	-0.000162	-0.013792	-4.850006	1912400.000000
2015-05-27	0.013985	0.004654	0.014995	-0.001081	5.950012	2231100.000000
2015-05-26	-0.005051	-0.003344	-0.001473	-0.013166	-2.160004	2244200.000000
2015-05-22	-0.009267	-0.000185	0.001877	-0.009314	-4.000000	2020600.000000
2015-05-21	0.018332	0.009767	0.030765	0.009767	7.770020	4121400.000000
2015-05-20	0.005098	-0.002632	0.012781	-0.007944	2.149994	2196200.000000
2015-05-19	-0.008301	-0.000870	0.007055	-0.010841	-3.529999	2464200.000000
2015-05-18	-0.001784	0.000000	0.002981	-0.010657	-0.760010	2390200.000000
2015-05-15	-0.014528	-0.009901	-0.004349	-0.018460	-6.279999	4240300.000000
2015-05-14	0.012674	0.006044	0.014360	0.000328	5.410004	1888500.000000
2015-05-13	-0.009628	-0.002413	0.005823	-0.012111	-4.149994	1996300.000000
2015-05-12	-0.004228	-0.004089	0.000924	-0.014185	-1.830017	1947800.000000
2015-05-11	-0.001937	-0.002721	0.012244	-0.005349	-0.839996	2393700.000000
2015-05-08	0.015953	0.009066	0.019490	0.007707	6.809997	2908800.000000
2015-05-07	0.018564	0.012050	0.022429	0.008948	7.779999	2766100.000000
2015-05-06	-0.004962	0.000570	0.003633	-0.015765	-2.089996	2552500.000000
2015-05-05	-0.004373	-0.000449	0.010566	-0.004775	-1.850007	2856400.000000
2015-05-04	0.000402	0.004564	0.016317	-0.001064	0.170014	2270400.000000
2015-05-01	0.002584	0.004837	0.009152	-0.013704	1.089996	3565800.000000
2015-04-30	-0.017677	-0.005264	0.005543	-0.023593	-7.589996	3647900.000000
2015-04-29	0.000140	-0.005963	0.011484	-0.007640	0.059997	3621700.000000
2015-04-28	-0.021092	-0.000114	0.001003	-0.023988	-9.250000	4140500.000000
2015-04-27	-0.014693	-0.002786	0.004246	-0.017277	-6.540008	5430900.000000
2015-04-24	0.141311	0.125670	0.160671	0.125670	55.110016	17176900.000000
2015-04-23	0.000487	0.001052	0.005336	-0.009364	0.190002	7980000.000000
2015-04-22	-0.003528	0.001866	0.007925	-0.008129	-1.380005	3474700.000000
2015-04-21	0.004287	0.004621	0.013068	-0.006958	1.669983	4643500.000000
2015-04-20	0.037145	0.007961	0.043615	0.003834	13.950012	5016100.000000
2015-04-17	-0.027147	-0.008833	-0.006424	-0.030152	-10.480011	3839700.000000
2015-04-16	0.006754	0.000626	0.010432	0.000261	2.589997	2080400.000000
2015-04-15	-0.004310	-0.001194	0.001740	-0.009010	-1.659973	1933200.000000
2015-04-14	0.007192	0.003008	0.014254	-0.003008	2.750000	2583600.000000
2015-04-13	-0.000758	0.002300	0.006873	-0.006559	-0.290009	1894500.000000
2015-04-10	-0.002321	0.002008	0.009334	-0.005788	-0.890015	2573500.000000
2015-04-09	0.006139	-0.001417	0.008447	-0.006296	2.339997	2392300.000000
2015-04-08	0.018135	0.000668	0.019150	0.000641	6.790008	2636400.000000
2015-04-07	-0.006975	-0.002361	0.006021	-0.007983	-2.630005	1954900.000000
2015-04-06	0.012868	-0.005776	0.021357	-0.007764	4.790009	3050700.000000
2015-04-02	0.005375	0.000648	0.008156	-0.003403	1.989990	1875300.000000
2015-04-01	-0.004945	0.000000	0.002849	-0.010105	-1.839996	2458100.000000
2015-03-31	-0.006647	-0.003604	0.008302	-0.008222	-2.489990	2506100.000000
2015-03-30	0.010875	0.003535	0.015004	0.002672	4.029998	1820900.000000
2015-03-27	0.008738	-0.000653	0.015843	-0.002123	3.209992	2609800.000000
2015-03-26	-0.009731	-0.003693	0.001186	-0.014314	-3.609985	2930000.000000
2015-03-25	-0.008367	0.002887	0.017135	-0.010158	-3.130005	3429500.000000
2015-03-24	-0.002719	-0.002986	0.000347	-0.007571	-1.019989	2228200.000000
2015-03-23	-0.008930	-0.001110	0.008666	-0.009379	-3.380005	2239300.000000
2015-03-20	0.014066	0.008172	0.016424	0.007180	5.250000	3763600.000000
2015-03-19	-0.005065	-0.003385	0.005251	-0.007864	-1.900025	1915700.000000
2015-03-18	0.008658	-0.005243	0.010943	-0.014035	3.220002	2654100.000000
2015-03-17	-0.003830	-0.006000	0.003080	-0.009937	-1.429993	2037000.000000
2015-03-16	0.007475	-0.000540	0.009067	-0.010416	2.770019	2354100.000000
2015-03-13	-0.009780	-0.007268	-0.000668	-0.020201	-3.660003	2611700.000000
2015-03-12	0.021481	0.006687	0.024920	0.003139	7.869995	2810000.000000
2015-03-11	-0.008498	0.002977	0.010392	-0.008795	-3.140015	2495100.000000
2015-03-10	-0.023906	-0.002932	-0.002087	-0.024778	-9.049988	3121000.000000
2015-03-09	-0.004025	-0.004446	-0.002000	-0.012655	-1.529998	2311400.000000
2015-03-06	-0.019957	-0.005956	-0.002140	-0.023077	-7.739991	2627000.000000
2015-03-05	0.013352	0.007551	0.014893	0.003057	5.109986	2693500.000000
2015-03-04	-0.004914	0.002860	0.008554	-0.006292	-1.889984	2259100.000000
2015-03-03	-0.002723	-0.004434	0.001141	-0.010527	-1.050019	1946500.000000
2015-03-02	0.014468	0.001815	0.015099	-0.001789	5.500000	2139200.000000
2015-02-27	-0.012058	-0.002079	0.003093	-0.013020	-4.639984	2532300.000000
2015-02-26	-0.001479	-0.003373	0.010380	-0.005423	-0.570007	2687100.000000
2015-02-25	0.017909	-0.003487	0.024459	-0.005415	6.779999	3174500.000000
2015-02-24	-0.004077	-0.003920	0.000894	-0.010470	-1.550019	1920800.000000
2015-02-23	-0.009175	-0.000573	0.002294	-0.014753	-3.519989	2177000.000000
2015-02-20	0.012296	-0.001003	0.012401	-0.008338	4.660004	3258000.000000
2015-02-19	0.015079	0.000321	0.022792	0.000161	5.630005	2953800.000000
2015-02-18	-0.005487	-0.004395	0.003489	-0.006872	-2.059998	2650600.000000
2015-02-17	-0.016761	-0.010764	-0.004819	-0.023990	-6.399994	3673200.000000
2015-02-13	0.012355	0.003288	0.015457	-0.000424	4.659974	3475100.000000
2015-02-12	0.005411	-0.000107	0.008983	-0.005305	2.029998	2791100.000000
2015-02-11	0.005737	-0.004745	0.010992	-0.005094	2.140015	2786500.000000
2015-02-10	0.006585	0.001700	0.010093	-0.005532	2.440002	2287200.000000
2015-02-09	-0.009939	-0.008763	0.000347	-0.018916	-3.720001	2724600.000000
2015-02-06	0.001043	0.002621	0.005617	-0.007703	0.389984	3892400.000000
2015-02-05	0.025058	0.003427	0.038520	0.003153	9.140015	7247600.000000
2015-02-04	0.003301	-0.014221	0.010865	-0.014633	1.200012	4169900.000000
2015-02-03	-0.002524	-0.011469	0.009191	-0.011688	-0.920013	6212600.000000
2015-02-02	0.028037	-0.012636	0.029532	-0.012749	9.940002	10231900.000000
2015-01-30	0.137116	0.110783	0.153057	0.092886	42.750000	23856100.000000
2015-01-29	0.025896	0.002698	0.029252	-0.015070	7.869995	8656600.000000
2015-01-28	-0.009258	0.009976	0.015518	-0.009617	-2.839996	3063800.000000
2015-01-27	-0.009397	-0.010851	0.001873	-0.022702	-2.910004	2920300.000000
2015-01-26	-0.008739	-0.001825	0.001953	-0.015590	-2.730011	3169700.000000
2015-01-23	0.006671	-0.007218	0.021301	-0.008378	2.070008	4496400.000000
2015-01-22	0.043970	0.009251	0.050463	0.009251	13.070007	5362600.000000
2015-01-21	0.026983	0.000691	0.057214	-0.007532	7.809998	10065100.000000
2015-01-20	-0.004471	0.006363	0.009011	-0.014962	-1.299988	3075100.000000
2015-01-16	0.013208	-0.002335	0.013382	-0.005924	3.789978	3478200.000000
2015-01-15	-0.021550	0.002489	0.009309	-0.021993	-6.319977	4419200.000000
2015-01-14	-0.004987	-0.009534	0.003970	-0.027957	-1.470001	5464600.000000
2015-01-13	0.011427	0.020830	0.034625	0.006246	3.329986	4136400.000000
2015-01-12	-0.018590	0.002122	0.005321	-0.025764	-5.519989	3421400.000000
2015-01-09	-0.011749	0.003395	0.008021	-0.012581	-3.529998	2592400.000000
2015-01-08	0.006836	0.006367	0.015817	-0.007741	2.039978	3088400.000000
2015-01-07	0.010600	0.007484	0.020285	0.000135	3.130004	2640300.000000
2015-01-06	-0.022833	0.000165	0.002680	-0.032463	-6.899993	3519000.000000
2015-01-05	-0.020517	-0.004894	-0.000454	-0.024861	-6.329987	2774200.000000
2015-01-02	-0.005897	0.007185	0.014178	-0.010923	-1.830017	2783200.000000
2014-12-31	0.000161	0.004028	0.008637	-0.000935	0.050018	2048000.000000
2014-12-30	-0.005576	-0.006826	0.006089	-0.008653	-1.740021	2093000.000000
2014-12-29	0.009544	-0.004012	0.016759	-0.008121	2.950013	3009000.000000
2014-12-26	0.019998	0.006501	0.025575	0.002574	6.059997	2893800.000000
2014-12-24	-0.010644	0.000294	0.002318	-0.011133	-3.260010	1513800.000000
2014-12-23	-0.000816	0.001435	0.003099	-0.010733	-0.250000	2713700.000000
2014-12-22	0.022141	0.006802	0.024875	0.006802	6.640015	4003800.000000
2014-12-19	0.007288	-0.002754	0.012797	-0.007423	2.169983	8709100.000000
2014-12-18	-0.003848	0.017164	0.018804	-0.018837	-1.149994	7738100.000000
2014-12-17	0.012947	0.004440	0.015624	-0.006880	3.820007	4433500.000000
2014-12-16	-0.035972	-0.005620	-0.005162	-0.036136	-11.010009	6501300.000000
2014-12-15	-0.004067	0.005044	0.011519	-0.016823	-1.250000	3841600.000000
2014-12-12	-0.000130	-0.010964	0.010672	-0.014153	-0.039978	3153500.000000
2014-12-11	0.004970	0.006703	0.022234	0.000556	1.519989	3262900.000000
2014-12-10	-0.021312	-0.001600	0.002208	-0.025024	-6.660004	3245900.000000
2014-12-09	0.019110	-0.011903	0.022828	-0.017936	5.859985	4049500.000000
2014-12-08	-0.019160	-0.003391	0.012571	-0.024982	-5.989990	3639200.000000
2014-12-05	-0.013568	-0.000410	0.000000	-0.019216	-4.299988	3265200.000000
2014-12-04	0.001359	-0.003065	0.006603	-0.009573	0.429993	3290300.000000
2014-12-03	-0.030063	-0.001777	0.001410	-0.036622	-9.809998	5681000.000000
2014-12-02	0.000951	0.004601	0.005920	-0.008436	0.309998	2790300.000000
2014-12-01	-0.037326	-0.001536	0.005906	-0.037533	-12.640015	4944900.000000
2014-11-28	0.015199	0.007375	0.023054	0.007375	5.070008	3051800.000000
2014-11-26	-0.004388	-0.003761	-0.001164	-0.009820	-1.470002	1983600.000000
2014-11-25	-0.001788	-0.001102	0.002056	-0.012990	-0.600006	2565000.000000
2014-11-24	0.009049	0.006464	0.014310	0.002916	3.010010	2754200.000000
2014-11-21	0.006323	0.014764	0.023567	0.002814	2.089996	4466600.000000
2014-11-20	0.012250	-0.007779	0.018773	-0.009830	4.000000	3436700.000000
2014-11-19	0.004955	0.007140	0.010679	-0.002801	1.610016	3281600.000000
2014-11-18	0.005820	0.002910	0.020152	0.000619	1.880005	3549500.000000
2014-11-17	-0.014551	-0.004210	0.000549	-0.029864	-4.770019	4784900.000000
2014-11-14	0.035832	0.002022	0.051820	-0.000253	11.339996	8877800.000000
2014-11-13	0.015955	0.001573	0.020481	0.000000	4.970001	3686400.000000
2014-11-12	-0.001603	-0.004038	0.001827	-0.010320	-0.500000	2183000.000000
2014-11-11	0.022615	0.002720	0.023828	-0.004785	6.900025	3803600.000000
2014-11-10	0.017508	0.000467	0.019809	0.000467	5.250000	2809100.000000
2014-11-07	0.010855	0.003978	0.011293	-0.001180	3.219970	2647400.000000
2014-11-06	0.000405	0.000573	0.001619	-0.014265	0.120026	3758100.000000
2014-11-05	-0.020772	0.000661	0.003930	-0.028566	-6.290009	4674500.000000
2014-11-04	-0.009519	-0.005659	-0.004808	-0.018154	-2.910003	3427400.000000
2014-11-03	0.000851	0.002554	0.008348	-0.007268	0.260010	3242500.000000
2014-10-31	0.021366	0.020330	0.022236	0.008125	6.389984	4550700.000000
2014-10-30	0.016830	-0.000476	0.019108	-0.005984	4.950012	4055200.000000
2014-10-29	-0.004973	0.011908	0.013600	-0.008525	-1.470001	4881900.000000
2014-10-28	0.019381	-0.000724	0.027693	-0.000724	5.619995	5572600.000000
2014-10-27	0.010137	-0.004738	0.011705	-0.007107	2.910003	5950600.000000
2014-10-24	-0.083403	-0.091896	-0.061849	-0.093173	-26.119995	19801100.000000
2014-10-23	0.000671	0.001374	0.012238	-0.005016	0.209992	9038200.000000
2014-10-22	-0.007484	0.000317	0.011575	-0.008531	-2.359986	3125900.000000
2014-10-21	0.029783	0.012051	0.030796	0.002809	9.119996	3559300.000000
2014-10-20	0.008464	-0.002272	0.009518	-0.005335	2.569976	3234500.000000
2014-10-17	0.002576	0.014165	0.020934	-0.000462	0.780030	4405100.000000
2014-10-16	-0.010164	-0.039677	0.002778	-0.039677	-3.110016	4731300.000000
2014-10-15	-0.007590	-0.012844	-0.001330	-0.029873	-2.339997	5343900.000000
2014-10-14	0.006069	0.005058	0.018894	-0.002284	1.859986	3385800.000000
2014-10-13	-0.015864	-0.004881	0.005813	-0.025434	-4.940003	4363900.000000
2014-10-10	-0.012620	-0.004281	0.007610	-0.012652	-3.979980	3681900.000000
2014-10-09	-0.022715	-0.003750	-0.001333	-0.025349	-7.330017	3587900.000000
2014-10-08	0.018045	-0.001262	0.022493	-0.008960	5.720001	3452800.000000
2014-10-07	-0.016201	-0.008597	-0.000621	-0.017163	-5.220001	2365400.000000
2014-10-06	-0.001673	0.002355	0.004307	-0.009729	-0.539978	2290300.000000
2014-10-03	0.013599	0.006124	0.021199	0.003517	4.329986	3037400.000000
2014-10-02	0.002993	-0.001701	0.003371	-0.019372	0.950013	3553900.000000
2014-10-01	-0.015445	-0.001241	-0.000837	-0.021368	-4.980011	3089100.000000
2014-09-30	0.001927	-0.001429	0.005003	-0.010285	0.619995	2636200.000000
2014-09-29	-0.004301	-0.008385	0.001671	-0.013026	-1.389984	1924600.000000
2014-09-26	0.003976	-0.004131	0.004877	-0.013326	1.279998	3638000.000000
2014-09-25	-0.019134	-0.000670	0.001006	-0.020749	-6.279998	2928800.000000
2014-09-24	0.014152	0.001669	0.017953	-0.012576	4.579986	2642200.000000
2014-09-23	-0.002681	-0.006287	0.009553	-0.010015	-0.869995	2352600.000000
2014-09-22	-0.020584	-0.008542	-0.005523	-0.030967	-6.820007	3109700.000000
2014-09-19	0.019446	0.008000	0.023877	0.001754	6.320007	6886200.000000
2014-09-18	0.003086	0.004444	0.009568	-0.000895	1.000000	2576900.000000
2014-09-17	-0.011472	0.000000	0.000732	-0.019038	-3.760010	4136000.000000
2014-09-16	0.011948	-0.008707	0.017259	-0.011702	3.869995	3259900.000000
2014-09-15	-0.022042	-0.000845	0.000423	-0.036807	-7.299987	4000400.000000
2014-09-12	0.002027	-0.002904	0.007171	-0.005234	0.670013	3429300.000000
2014-09-11	-0.002445	-0.004195	0.005071	-0.014910	-0.809998	2720200.000000
2014-09-10	0.004791	0.013798	0.015861	-0.002820	1.579987	3797400.000000
2014-09-09	-0.036776	-0.002132	-0.001694	-0.038441	-12.589996	4646800.000000
2014-09-08	-0.011664	-0.005312	-0.001646	-0.021191	-4.040009	2955300.000000
2014-09-05	0.001243	0.001012	0.002544	-0.009973	0.429993	2107000.000000
2014-09-04	0.020502	0.013835	0.030619	0.013510	6.950012	3965600.000000
2014-09-03	-0.009872	0.000467	0.002599	-0.014107	-3.380005	1993700.000000
2014-09-02	0.009851	0.002773	0.010205	-0.005545	3.339996	2326000.000000
2014-08-29	-0.002882	0.005117	0.005294	-0.006882	-0.979980	1939500.000000
2014-08-28	-0.009208	-0.009266	-0.004050	-0.012763	-3.160004	2252700.000000
2014-08-27	0.003949	0.000761	0.014159	-0.001433	1.350006	2961600.000000
2014-08-26	0.023382	0.008922	0.030956	0.001587	7.809998	3654700.000000
2014-08-25	0.007328	0.004886	0.015622	0.003378	2.429993	1957700.000000
2014-08-22	-0.003965	0.000240	0.003514	-0.006338	-1.320008	2211200.000000
2014-08-21	-0.008547	0.002085	0.002382	-0.010572	-2.869995	1971100.000000
2014-08-20	0.001940	-0.001343	0.006057	-0.003312	0.649994	1810500.000000
2014-08-19	0.001794	0.001016	0.003826	-0.004544	0.600006	1713800.000000
2014-08-18	0.002698	0.005545	0.012499	0.000420	0.899994	2485400.000000
2014-08-15	0.001261	0.002371	0.005372	-0.014675	0.420014	3896700.000000
2014-08-14	0.021239	0.004659	0.023936	0.001318	6.929992	3420400.000000
2014-08-13	0.021796	0.025930	0.038832	0.021358	6.959992	4939100.000000
2014-08-12	0.003110	0.001759	0.009361	-0.004335	0.990020	1915800.000000
2014-08-11	0.004830	0.005303	0.011301	0.000253	1.529999	2468600.000000
2014-08-08	0.017178	0.001573	0.018847	-0.002537	5.349976	2705900.000000
2014-08-07	-0.007773	0.004205	0.006340	-0.013508	-2.440003	2935600.000000
2014-08-06	0.005027	-0.004771	0.011078	-0.006788	1.570008	2296900.000000
2014-08-05	-0.004240	-0.001116	0.002869	-0.011446	-1.329987	2852100.000000
2014-08-04	0.021462	0.005797	0.029701	0.004690	6.589996	4200900.000000
2014-08-01	-0.018946	0.002237	0.009074	-0.026838	-5.929992	7441500.000000
2014-07-31	-0.029519	-0.007752	-0.005674	-0.033022	-9.520020	5192000.000000
2014-07-30	0.007844	0.004531	0.008531	-0.004687	2.510010	3969000.000000
2014-07-29	-0.001280	0.004900	0.007771	-0.002840	-0.410004	2883800.000000
2014-07-28	-0.011111	0.000741	0.002500	-0.023178	-3.600006	5932000.000000
2014-07-25	-0.096484	-0.115195	-0.094085	-0.122278	-34.599975	17846500.000000
2014-07-24	0.001312	0.005138	0.018736	0.001061	0.469970	7088700.000000
2014-07-23	-0.007482	-0.004961	-0.000582	-0.011695	-2.699981	2687300.000000
2014-07-22	0.003002	-0.012536	0.008811	-0.012536	1.079986	2888900.000000
2014-07-21	0.003067	-0.001561	0.008504	-0.005409	1.100006	2278400.000000
2014-07-18	0.017619	0.005533	0.020513	-0.001050	6.209992	3407400.000000
2014-07-17	-0.009694	-0.006912	0.002978	-0.012700	-3.449982	3636000.000000
2014-07-16	0.004119	0.003329	0.013768	-0.004063	1.459992	3503600.000000
2014-07-15	-0.002477	-0.004503	0.000760	-0.016661	-0.880005	4170900.000000
2014-07-14	0.026343	0.002397	0.027643	-0.002426	9.119995	5609900.000000
2014-07-11	0.055745	0.020706	0.058185	0.020706	18.279999	8300800.000000
2014-07-10	-0.006213	-0.017062	0.000030	-0.022184	-2.049988	2665000.000000
2014-07-09	0.019024	0.002779	0.019734	-0.002038	6.160003	3166100.000000
2014-07-08	-0.029201	-0.001349	0.000570	-0.036426	-9.739990	4271600.000000
2014-07-07	-0.011674	0.000030	0.000178	-0.014726	-3.940002	2128900.000000
2014-07-03	0.013940	0.005949	0.016374	0.000691	4.639984	1944300.000000
2014-07-02	0.001384	0.002437	0.013147	-0.002196	0.459991	2681300.000000
2014-07-01	0.023431	0.003325	0.025925	0.000985	7.610016	3173600.000000
2014-06-30	0.000647	0.001263	0.007425	-0.007179	0.209992	2671300.000000
2014-06-27	-0.003439	0.000583	0.002548	-0.007430	-1.119995	2416200.000000
2014-06-26	-0.005344	0.003207	0.003695	-0.016217	-1.750000	2699500.000000
2014-06-25	0.010118	0.000524	0.012309	-0.007465	3.279998	2327800.000000
2014-06-24	-0.009412	0.000917	0.007609	-0.013751	-3.079986	2626600.000000
2014-06-23	0.009377	-0.002684	0.010333	-0.008606	3.039978	2604800.000000
2014-06-20	-0.008563	0.002324	0.003731	-0.020122	-2.799988	6054000.000000
2014-06-19	-0.022071	0.002632	0.013518	-0.025121	-7.380005	5320600.000000
2014-06-18	0.026903	0.007309	0.031110	-0.001904	8.760010	6401500.000000
2014-06-17	-0.006105	-0.000244	0.011355	-0.007295	-2.000000	2924100.000000
2014-06-16	0.004138	-0.004322	0.007417	-0.008429	1.350006	2449800.000000
2014-06-13	0.001105	0.003498	0.010402	-0.007303	0.359985	2764800.000000
2014-06-12	-0.027715	0.001044	0.001044	-0.031444	-9.290008	4276300.000000
2014-06-11	0.008393	0.010800	0.024999	0.004422	2.790008	4436800.000000
2014-06-10	0.014992	0.000458	0.024427	0.000000	4.910004	3663400.000000
2014-06-09	-0.006582	0.005763	0.010101	-0.012194	-2.170013	3212200.000000
2014-06-06	0.018852	0.004419	0.022592	0.004203	6.100006	5244000.000000
2014-06-05	0.054730	0.004303	0.068975	0.000391	16.790008	7796700.000000
2014-06-04	-0.001335	-0.001107	0.007520	-0.010905	-0.410003	2107100.000000
2014-06-03	-0.005343	-0.010005	-0.002979	-0.012207	-1.649994	2379200.000000
2014-06-02	-0.011870	0.000128	0.000160	-0.017757	-3.709992	2203400.000000
2014-05-30	-0.003920	0.002071	0.002773	-0.019791	-1.230011	4260200.000000
2014-05-29	0.011671	0.000838	0.015186	0.000129	3.619995	2365500.000000
2014-05-28	-0.002123	-0.004247	0.009652	-0.010939	-0.660003	2726000.000000
2014-05-27	-0.004548	0.006950	0.007654	-0.015565	-1.419983	4862100.000000
2014-05-23	0.024040	0.001804	0.024401	-0.000033	7.329986	3052900.000000
2014-05-22	-0.000328	0.000131	0.011573	-0.006557	-0.100006	2576800.000000
2014-05-21	0.012683	0.003387	0.015837	0.001096	3.820008	3408800.000000
2014-05-20	0.014928	0.001146	0.025947	-0.000034	4.429992	4095700.000000
2014-05-19	-0.003158	-0.006517	0.004367	-0.013067	-0.940002	2284200.000000
2014-05-16	0.008503	-0.008097	0.012500	-0.012331	2.510010	3636800.000000
2014-05-15	-0.008165	0.001344	0.005309	-0.024326	-2.429993	4295100.000000
2014-05-14	-0.023044	-0.007025	0.000000	-0.026195	-7.020020	3323300.000000
2014-05-13	0.005877	-0.000858	0.009047	-0.006967	1.780030	3509900.000000
2014-05-12	0.036340	0.007049	0.037983	0.006570	10.619995	3729600.000000
2014-05-09	0.013596	0.007804	0.018590	-0.013665	3.919983	4063000.000000
2014-05-08	-0.014998	-0.006457	0.010830	-0.018722	-4.389984	3848200.000000
2014-05-07	-0.015704	-0.006120	-0.003295	-0.035981	-4.670014	7015200.000000
2014-05-06	-0.040864	-0.001677	-0.000774	-0.041961	-12.669983	4682300.000000
2014-05-05	0.006623	-0.005325	0.007208	-0.009772	2.039978	2519900.000000
2014-05-02	0.000390	0.008217	0.017539	-0.011628	0.119995	3995100.000000
2014-05-01	0.012363	0.000000	0.020879	-0.000427	3.760010	4328600.000000
2014-04-30	0.012484	-0.007590	0.013916	-0.007590	3.750000	4088600.000000
2014-04-29	0.012813	-0.000472	0.017736	-0.020669	3.800018	6509300.000000
2014-04-28	-0.023862	0.000560	0.001843	-0.052101	-7.250000	14479800.000000
2014-04-25	-0.098828	-0.061990	-0.061278	-0.102150	-33.320007	16180200.000000
2014-04-24	0.038727	0.015682	0.039497	-0.005022	12.570007	9293700.000000
2014-04-23	-0.014393	0.011357	0.011569	-0.018007	-4.740020	3604600.000000
2014-04-22	-0.004685	0.003415	0.020038	-0.005833	-1.549988	3711600.000000
2014-04-21	0.018344	-0.002893	0.019205	-0.008002	5.959991	2999400.000000
2014-04-17	0.003800	-0.012111	0.015386	-0.012111	1.230011	4299200.000000
2014-04-16	0.024045	0.016104	0.025057	-0.004334	7.600006	4284900.000000
2014-04-15	0.000538	0.002501	0.007502	-0.032952	0.169983	5398600.000000
2014-04-14	0.013409	0.019055	0.028069	-0.001444	4.179993	4293500.000000
2014-04-11	-0.016966	-0.009807	-0.001924	-0.023998	-5.379974	7287500.000000
2014-04-10	-0.044303	-0.003647	-0.002441	-0.046141	-14.700013	6126700.000000
2014-04-09	0.014492	0.004280	0.015624	-0.013973	4.739991	5056600.000000
2014-04-08	0.029299	0.012966	0.032226	0.002140	9.309997	6577600.000000
2014-04-07	-0.016223	-0.006223	0.006006	-0.030557	-5.239990	7077400.000000
2014-04-04	-0.031833	0.004586	0.005455	-0.053984	-10.619995	12534600.000000
2014-04-03	-0.024389	-0.000409	0.001579	-0.039478	-8.339996	6399300.000000
2014-04-02	-0.003003	0.008747	0.015481	-0.007610	-1.029999	4475500.000000
2014-04-01	0.019681	0.005113	0.023962	0.004846	6.619995	3600100.000000
2014-03-31	-0.005676	0.012149	0.023648	-0.012504	-1.920014	4297500.000000
2014-03-28	-0.000532	0.004668	0.025202	-0.007061	-0.179992	3986800.000000
2014-03-27	-0.014385	-0.000757	0.001718	-0.036487	-4.940003	5766400.000000
2014-03-26	-0.031857	0.006823	0.008148	-0.031885	-11.299987	4120700.000000
2014-03-25	0.008128	0.006196	0.020236	-0.008555	2.859985	4445700.000000
2014-03-24	-0.024319	-0.001470	0.002440	-0.033331	-8.769989	4873500.000000
2014-03-21	-0.022631	0.005502	0.010489	-0.028647	-8.350006	5414100.000000
2014-03-20	-0.011414	-0.006939	-0.000616	-0.018782	-4.260010	2558500.000000
2014-03-19	-0.014626	0.000000	0.000607	-0.024685	-5.539978	2646700.000000
2014-03-18	0.009946	0.006079	0.010559	-0.000107	3.729980	2483500.000000
2014-03-17	0.003478	0.005298	0.013673	0.003050	1.300019	2303000.000000
2014-03-14	0.006002	0.003472	0.019004	0.000108	2.229980	4402200.000000
2014-03-13	0.002347	0.016134	0.033644	-0.006907	0.869995	6829000.000000
2014-03-12	0.004935	-0.006562	0.006345	-0.014126	1.820008	2216600.000000
2014-03-11	-0.004615	0.001241	0.006126	-0.008771	-1.709992	2246100.000000
2014-03-10	-0.004112	0.001693	0.001801	-0.013600	-1.529999	2105800.000000
2014-03-07	-0.000269	0.006503	0.007604	-0.007067	-0.100006	2279800.000000
2014-03-06	-0.000564	0.004512	0.007949	-0.009319	-0.209991	2926600.000000
2014-03-05	0.023276	0.000632	0.024265	0.000000	8.470001	3848300.000000
2014-03-04	0.011451	0.011451	0.016399	0.007449	4.119995	2704400.000000
2014-03-03	-0.006407	-0.009279	-0.003148	-0.021044	-2.320007	2798300.000000
2014-02-28	0.005470	0.001305	0.015939	-0.008469	1.970001	3882000.000000
2014-02-27	0.000917	-0.007171	0.002196	-0.011951	0.330017	3104900.000000
2014-02-26	0.004130	0.004298	0.017945	-0.003209	1.479981	3622100.000000
2014-02-25	0.018591	0.003468	0.026437	-0.000569	6.540008	3736400.000000
2014-02-24	0.014477	-0.004528	0.017995	-0.010007	5.019989	3644700.000000
2014-02-21	-0.008691	0.007547	0.012407	-0.008719	-3.039978	4210000.000000
2014-02-20	0.006966	0.004088	0.008866	-0.008636	2.419983	3492800.000000
2014-02-19	-0.017729	-0.002856	0.002517	-0.021349	-6.269989	4168100.000000
2014-02-18	-0.010354	-0.005793	-0.004533	-0.022107	-3.700012	4998000.000000
2014-02-14	0.000420	0.005991	0.005991	-0.010778	0.149994	3520200.000000
2014-02-13	0.022763	-0.004438	0.022763	-0.007874	7.950012	4175000.000000
2014-02-12	-0.034661	-0.014815	-0.011167	-0.042760	-12.540009	6587700.000000
2014-02-11	0.002549	0.002688	0.007593	-0.012802	0.920014	3222100.000000
2014-02-10	-0.000582	0.001468	0.010856	-0.004791	-0.209992	3449700.000000
2014-02-07	0.018303	0.012381	0.020333	-0.005922	6.489991	4330500.000000
2014-02-06	0.023495	0.002742	0.024159	0.002742	8.139984	3335700.000000
2014-02-05	-0.004311	-0.005604	0.004081	-0.029372	-1.500000	4435400.000000
2014-02-04	0.005200	0.009938	0.022678	-0.006153	1.800018	4812900.000000
2014-02-03	-0.034961	0.000809	0.006022	-0.051827	-12.540008	10280800.000000
2014-01-31	-0.109972	-0.077541	-0.068385	-0.112280	-44.320008	16154800.000000
2014-01-30	0.048959	0.024909	0.057392	0.009110	18.809998	10473900.000000
2014-01-29	-0.025936	-0.005755	-0.004006	-0.028370	-10.229981	3382300.000000
2014-01-28	0.021099	0.002899	0.021901	0.002175	8.149994	2894500.000000
2014-01-27	-0.003406	0.007482	0.016770	-0.018344	-1.320007	3936800.000000
2014-01-24	-0.030685	-0.004276	0.000825	-0.031510	-12.269989	4458400.000000
2014-01-23	-0.011544	-0.008751	0.004029	-0.016686	-4.670014	3025400.000000
2014-01-22	-0.006166	0.002334	0.002481	-0.012406	-2.509979	2060500.000000
2014-01-21	0.018618	0.008483	0.020495	0.004980	7.440003	3122100.000000
2014-01-17	0.009626	-0.003891	0.019429	-0.005407	3.809997	4505100.000000
2014-01-16	-0.000177	-0.005532	0.008639	-0.016318	-0.070007	2601200.000000
2014-01-15	-0.004201	0.003522	0.004452	-0.012603	-1.670014	2678300.000000
2014-01-14	0.016778	0.002941	0.019566	0.000793	6.559998	2340100.000000
2014-01-13	-0.016798	0.000805	0.005331	-0.023160	-6.679993	2844900.000000
2014-01-10	-0.008354	0.003790	0.006858	-0.017980	-3.350006	2679500.000000
2014-01-09	-0.002264	0.004454	0.012366	-0.008658	-0.910003	2103000.000000
2014-01-08	0.009773	0.001105	0.012486	-0.005000	3.890014	2316500.000000
2014-01-07	0.011178	0.003582	0.012296	0.001677	4.399994	1916000.000000
2014-01-06	-0.007088	-0.001488	0.001413	-0.020230	-2.809997	3170600.000000
2014-01-03	-0.003845	0.000804	0.011910	-0.004397	-1.529999	2210200.000000
2014-01-02	-0.002056	0.000025	0.001429	-0.011961	-0.820008	2137800.000000
