2015-12-18	-0.009476	0.064234	0.067876	0.053310	-0.598519	4921400.000000
2015-12-17	-0.000444	0.068193	0.075472	0.061863	-0.028064	2785500.000000
2015-12-16	0.021466	0.074958	0.093224	0.071887	1.327976	3215300.000000
2015-12-15	0.011468	0.072571	0.090392	0.069628	0.701393	2284400.000000
2015-12-14	0.007859	0.067982	0.078364	0.063698	0.476948	2633100.000000
2015-12-11	-0.004755	0.064708	0.073237	0.058476	-0.289906	2105200.000000
2015-12-10	-0.014957	0.068331	0.070108	0.052338	-0.925842	1958900.000000
2015-12-09	0.004248	0.065082	0.082442	0.061026	0.261848	2855200.000000
2015-12-08	-0.003477	0.067037	0.069947	0.053457	-0.215084	2956900.000000
2015-12-07	-0.006907	0.065447	0.069301	0.059828	-0.430191	2880900.000000
2015-12-04	0.021943	0.075371	0.094241	0.073731	1.337322	2827400.000000
2015-12-03	-0.014666	0.066391	0.067522	0.051517	-0.907131	2918600.000000
2015-12-02	-0.018840	0.067238	0.068507	0.047727	-1.187702	2609200.000000
2015-12-01	0.000594	0.077237	0.079935	0.059619	0.037407	2284800.000000
2015-11-30	0.000000	0.069777	0.076602	0.068031	0.000000	2550000.000000
2015-11-27	0.002232	0.069142	0.078209	0.068505	0.140289	824800.000000
2015-11-25	-0.003853	0.068191	0.071044	0.061853	-0.243156	1364600.000000
2015-11-24	-0.001480	0.066136	0.069934	0.057750	-0.093514	1997900.000000
2015-11-23	-0.011294	0.068644	0.073180	0.055972	-0.721965	2079100.000000
2015-11-20	0.002615	0.083202	0.091986	0.076928	0.166740	2918200.000000
2015-11-19	0.004965	0.082906	0.091260	0.079438	0.314987	1743600.000000
2015-11-18	0.002635	0.078806	0.083863	0.066162	0.166752	2119200.000000
2015-11-17	-0.013861	0.078659	0.090659	0.061827	-0.889343	2017800.000000
2015-11-16	0.015543	0.077222	0.096690	0.076589	0.981994	2454700.000000
2015-11-13	0.004270	0.080074	0.090246	0.079438	0.268647	2739100.000000
2015-11-12	-0.005856	0.075171	0.085127	0.068218	-0.370560	2380600.000000
2015-11-11	0.007522	0.080712	0.089150	0.079279	0.472473	1529400.000000
2015-11-10	0.001033	0.080553	0.088841	0.077844	0.064838	2067000.000000
2015-11-09	-0.001769	0.074665	0.084847	0.070210	-0.111171	2458900.000000
2015-11-06	-0.034026	0.067605	0.070525	0.038560	-2.214096	2883200.000000
2015-11-05	-0.004676	0.076532	0.084791	0.073472	-0.305733	1595400.000000
2015-11-04	-0.001980	0.078522	0.088139	0.074858	-0.129685	2375300.000000
2015-11-03	-0.000283	0.078827	0.089816	0.073028	-0.018539	2710500.000000
2015-11-02	-0.009800	0.073847	0.084878	0.057979	-0.648476	3052600.000000
2015-10-30	0.007760	0.082332	0.091621	0.076545	0.509530	2937600.000000
2015-10-29	-0.008948	0.075212	0.076571	0.056497	-0.592896	2861100.000000
2015-10-28	-0.011609	0.081079	0.085107	0.055271	-0.778198	2160600.000000
2015-10-27	-0.006590	0.077215	0.084328	0.069509	-0.444672	2262900.000000
2015-10-26	-0.003284	0.082244	0.084165	0.066883	-0.222343	2048400.000000
2015-10-23	-0.018929	0.077119	0.079148	0.057991	-1.306229	2154700.000000
2015-10-22	0.007711	0.081044	0.093457	0.077248	0.528053	2089900.000000
2015-10-21	0.003121	0.082807	0.089106	0.076948	0.213074	2358200.000000
2015-10-20	0.004361	0.076054	0.085470	0.074877	0.296440	2295400.000000
2015-10-19	0.003145	0.078257	0.083275	0.068959	0.213082	1898600.000000
2015-10-16	0.004670	0.084479	0.089224	0.079438	0.314964	2018900.000000
2015-10-15	0.009849	0.084379	0.092315	0.074347	0.657760	2241500.000000
2015-10-14	0.002642	0.079738	0.086193	0.076585	0.176003	1851800.000000
2015-10-13	-0.001389	0.075540	0.080787	0.071042	-0.092628	1676100.000000
2015-10-12	0.013799	0.079742	0.095549	0.079134	0.907882	1839900.000000
2015-10-09	0.004384	0.080812	0.086155	0.075622	0.287193	2543800.000000
2015-10-08	0.013328	0.076189	0.095835	0.074178	0.861557	1935100.000000
2015-10-07	0.000000	0.080830	0.083151	0.074024	0.000000	1744700.000000
2015-10-06	-0.007679	0.077135	0.079438	0.066083	-0.500267	2389900.000000
2015-10-05	0.013987	0.083173	0.094847	0.077726	0.898621	2881900.000000
2015-10-02	0.002747	0.084901	0.088803	0.068512	0.176018	3864800.000000
2015-10-01	-0.017335	0.080511	0.082505	0.056739	-1.130226	3175100.000000
2015-09-30	0.015731	0.082865	0.097821	0.080840	1.009788	2741000.000000
2015-09-29	-0.002016	0.079904	0.084102	0.072286	-0.129692	2524900.000000
2015-09-28	-0.008992	0.077589	0.084522	0.068499	-0.583633	2864100.000000
2015-09-25	0.009219	0.080371	0.099186	0.076950	0.592903	2409800.000000
2015-09-24	0.002889	0.073668	0.084740	0.072264	0.185264	2148100.000000
2015-09-23	0.002027	0.078813	0.083969	0.076156	0.129704	1738400.000000
2015-09-22	-0.003462	0.074455	0.081618	0.070562	-0.222340	2504600.000000
2015-09-21	0.004638	0.082097	0.088824	0.077404	0.296460	2209300.000000
2015-09-18	-0.006623	0.073222	0.090316	0.069958	-0.426152	3603700.000000
2015-09-17	0.010327	0.078339	0.103460	0.076926	0.657746	1914300.000000
2015-09-16	0.009841	0.082133	0.093708	0.079121	0.620697	2114900.000000
2015-09-15	-0.000440	0.080706	0.082925	0.071989	-0.027790	1866500.000000
2015-09-14	0.005165	0.081509	0.089155	0.077845	0.324230	2242000.000000
2015-09-11	0.007284	0.077352	0.087461	0.074463	0.453945	2184900.000000
2015-09-10	-0.011898	0.078011	0.082450	0.064058	-0.750385	2461700.000000
2015-09-09	-0.009313	0.084307	0.088705	0.067500	-0.592900	2770900.000000
2015-09-08	0.022163	0.090838	0.104003	0.090035	1.380345	3519000.000000
2015-09-04	-0.012630	0.073097	0.078011	0.060573	-0.796707	2843000.000000
2015-09-03	0.000000	0.083401	0.087999	0.074841	0.000000	3032000.000000
2015-09-02	0.004277	0.090105	0.090742	0.073547	0.268661	2655100.000000
2015-09-01	-0.027957	0.065974	0.072010	0.042296	-1.806496	2851100.000000
2015-08-31	-0.018021	0.077310	0.077310	0.053299	-1.185806	3333600.000000
2015-08-28	-0.002528	0.078832	0.081257	0.062915	-0.166756	2427200.000000
2015-08-27	0.008355	0.084635	0.089832	0.073630	0.546586	3314300.000000
2015-08-26	0.014918	0.091817	0.098333	0.067772	0.961608	3872900.000000
2015-08-25	-0.029436	0.106956	0.110118	0.055613	-1.955040	5231300.000000
2015-08-24	-0.040318	0.065649	0.083711	0.040796	-2.790298	6395900.000000
2015-08-21	-0.004226	0.085030	0.090929	0.078124	-0.293716	6976200.000000
2015-08-20	-0.005516	0.083481	0.095929	0.078902	-0.385499	4340200.000000
2015-08-19	0.000657	0.084049	0.095647	0.081615	0.045884	2018100.000000
2015-08-18	-0.001706	0.087203	0.092063	0.083630	-0.119316	1795400.000000
2015-08-17	0.011278	0.091370	0.105536	0.087467	0.780181	2882700.000000
2015-08-14	0.005872	0.083529	0.096760	0.078585	0.403855	1730100.000000
2015-08-13	0.005907	0.083933	0.096950	0.076035	0.403877	3018100.000000
2015-08-12	0.024903	0.087691	0.117222	0.085893	1.661301	3378500.000000
2015-08-11	0.004561	0.087533	0.100935	0.083467	0.302910	1902700.000000
2015-08-10	0.000138	0.090545	0.095214	0.084972	0.009178	1535600.000000
2015-08-07	0.014160	0.087658	0.111332	0.083076	0.927047	1934100.000000
2015-08-06	0.002389	0.091634	0.092399	0.074639	0.156014	2158800.000000
2015-08-05	0.012954	0.089645	0.111823	0.087629	0.835258	2353600.000000
2015-08-04	-0.020496	0.084629	0.087364	0.062147	-1.349258	3071300.000000
2015-08-03	0.000279	0.092833	0.097544	0.082956	0.018356	1749300.000000
2015-07-31	0.009149	0.097617	0.106664	0.096391	0.596611	2190500.000000
2015-07-30	0.005662	0.086252	0.097663	0.080700	0.367150	1569900.000000
2015-07-29	0.007415	0.088092	0.098656	0.079548	0.477287	2542300.000000
2015-07-28	0.014319	0.088545	0.105248	0.084763	0.908684	2792200.000000
2015-07-27	0.008019	0.089649	0.104104	0.089649	0.504822	2191200.000000
2015-07-24	0.005276	0.089171	0.098113	0.085499	0.330436	2364000.000000
2015-07-23	-0.007275	0.086320	0.089649	0.071261	-0.458938	2395500.000000
2015-07-22	-0.000581	0.088382	0.099313	0.087589	-0.036705	2236600.000000
2015-07-21	-0.007505	0.086817	0.089962	0.075811	-0.477299	2424400.000000
2015-07-20	-0.005169	0.088083	0.089178	0.077759	-0.330425	1237800.000000
2015-07-17	-0.007552	0.085299	0.089646	0.079089	-0.486458	2048800.000000
2015-07-16	0.009494	0.090431	0.102184	0.088237	0.605781	2100200.000000
2015-07-15	0.004624	0.086814	0.095158	0.083350	0.293713	1607700.000000
2015-07-14	0.001592	0.088387	0.094852	0.086495	0.100979	1746500.000000
2015-07-13	0.001885	0.090122	0.096916	0.083171	0.119312	2154500.000000
2015-07-10	0.004516	0.092188	0.102821	0.085999	0.284535	1849900.000000
2015-07-09	-0.011234	0.092786	0.094512	0.072543	-0.715931	3031600.000000
2015-07-08	0.001442	0.085247	0.094519	0.083204	0.091777	3279100.000000
2015-07-07	0.021813	0.096234	0.118233	0.093184	1.358441	3035700.000000
2015-07-06	-0.000737	0.086763	0.092699	0.079061	-0.045902	3191500.000000
2015-07-02	0.012375	0.095176	0.105410	0.095013	0.761833	2274400.000000
2015-07-01	0.002991	0.094704	0.096496	0.085906	0.183567	2747400.000000
2015-06-30	-0.006241	0.092729	0.092729	0.077023	-0.385491	3367600.000000
2015-06-29	0.000297	0.088357	0.103581	0.088195	0.018357	2939000.000000
2015-06-26	0.003431	0.088840	0.094691	0.082015	0.211105	1928400.000000
2015-06-25	-0.009017	0.089007	0.092389	0.079667	-0.559894	2670000.000000
2015-06-24	0.001332	0.088523	0.094167	0.086104	0.082611	3154000.000000
2015-06-23	-0.010255	0.088692	0.089650	0.073689	-0.642510	3510900.000000
2015-06-22	0.003086	0.099257	0.100377	0.086929	0.192745	2494900.000000
2015-06-19	-0.011619	0.089965	0.094079	0.075723	-0.734287	3985500.000000
2015-06-18	0.012500	0.089811	0.104391	0.087247	0.780190	3381700.000000
2015-06-17	0.009351	0.089329	0.102105	0.087550	0.578254	2737200.000000
2015-06-16	0.004024	0.087217	0.094686	0.082671	0.247818	1697900.000000
2015-06-15	0.004491	0.089001	0.098461	0.086228	0.275353	2489700.000000
2015-06-12	-0.006987	0.083984	0.091272	0.081231	-0.431385	3758700.000000
2015-06-11	0.006283	0.096824	0.099269	0.090305	0.385498	2135500.000000
2015-06-10	0.000299	0.094218	0.095522	0.088186	0.018364	2968300.000000
2015-06-09	-0.001494	0.088351	0.092909	0.086072	-0.091809	2792700.000000
2015-06-08	-0.003127	0.088517	0.093223	0.084136	-0.192730	3405600.000000
2015-06-05	-0.010902	0.080021	0.082428	0.070872	-0.679222	3602300.000000
2015-06-04	-0.008037	0.086784	0.095381	0.078982	-0.504825	3238400.000000
2015-06-03	-0.016669	0.089491	0.090900	0.065067	-1.064705	3345300.000000
2015-06-02	-0.012908	0.084081	0.084545	0.063837	-0.835274	3020000.000000
2015-06-01	-0.000283	0.090726	0.095516	0.086401	-0.018349	1769100.000000
2015-05-29	-0.006341	0.091639	0.091946	0.079358	-0.413047	3582000.000000
2015-05-28	0.001977	0.089029	0.095489	0.085645	0.128502	1899700.000000
2015-05-27	-0.000451	0.089767	0.092535	0.085155	-0.029358	2620000.000000
2015-05-26	-0.006392	0.097162	0.099759	0.084177	-0.418389	2563900.000000
2015-05-22	-0.000694	0.096095	0.100980	0.092278	-0.045479	1415300.000000
2015-05-21	0.001808	0.102206	0.107865	0.095936	0.118241	3154200.000000
2015-05-20	-0.004155	0.098845	0.102957	0.092905	-0.272843	2738100.000000
2015-05-19	-0.000969	0.093367	0.102648	0.091998	-0.063697	1792200.000000
2015-05-18	0.000970	0.094275	0.102957	0.093514	0.063697	1396700.000000
2015-05-15	0.008240	0.101143	0.111431	0.099454	0.536622	1714100.000000
2015-05-14	0.009873	0.106276	0.112789	0.104571	0.636665	1722800.000000
2015-05-13	-0.002673	0.099453	0.114919	0.092649	-0.172806	2544400.000000
2015-05-12	0.001127	0.092486	0.104098	0.087996	0.072762	2253800.000000
2015-05-11	-0.010865	0.098841	0.106039	0.087201	-0.709458	1772800.000000
2015-05-08	0.012125	0.112009	0.121154	0.109529	0.782219	1927800.000000
2015-05-07	0.003111	0.104273	0.112203	0.100697	0.200096	2107900.000000
2015-05-06	-0.001553	0.099609	0.105974	0.087810	-0.100052	3461700.000000
2015-05-05	-0.013099	0.097768	0.099300	0.074633	-0.854965	3344900.000000
2015-05-04	0.000837	0.095620	0.112794	0.095620	0.054573	2210900.000000
2015-05-01	0.000279	0.101294	0.105742	0.086722	0.018173	2282600.000000
2015-04-30	-0.008575	0.096108	0.097780	0.079228	-0.563911	2837300.000000
2015-04-29	-0.006049	0.089931	0.095977	0.083734	-0.400185	2126100.000000
2015-04-28	0.002342	0.093848	0.102332	0.084303	0.154610	2206900.000000
2015-04-27	-0.013190	0.101547	0.104836	0.076729	-0.882240	2022500.000000
2015-04-24	0.004645	0.097200	0.116576	0.095999	0.309242	2868100.000000
2015-04-23	0.009377	0.100363	0.113704	0.097482	0.618477	2067300.000000
2015-04-22	0.005965	0.103266	0.108299	0.097013	0.391121	2774200.000000
2015-04-21	-0.009072	0.099907	0.106405	0.084189	-0.600311	3569200.000000
2015-04-20	0.017910	0.101761	0.129759	0.101761	1.164215	2332900.000000
2015-04-17	-0.004596	0.092716	0.102516	0.091337	-0.300156	2942000.000000
2015-04-16	-0.008561	0.095354	0.095658	0.082602	-0.563911	2373200.000000
2015-04-15	0.011029	0.102523	0.113728	0.099147	0.718551	2953200.000000
2015-04-14	0.007596	0.100227	0.110434	0.098525	0.491150	1799600.000000
2015-04-13	-0.011266	0.099453	0.100982	0.085997	-0.736748	1360800.000000
2015-04-10	0.007426	0.100686	0.113472	0.097759	0.482079	1175600.000000
2015-04-09	-0.005296	0.096695	0.097002	0.085049	-0.345627	1545800.000000
2015-04-08	-0.002780	0.098995	0.100829	0.091202	-0.181923	2027300.000000
2015-04-07	-0.010452	0.099453	0.101570	0.087357	-0.691246	1852900.000000
2015-04-06	0.015786	0.100989	0.121264	0.100989	1.027779	2330000.000000
2015-04-02	0.000979	0.100991	0.104373	0.095148	0.063675	1784200.000000
2015-04-01	0.009031	0.103177	0.113726	0.087973	0.582100	2596700.000000
2015-03-31	-0.003795	0.097444	0.105635	0.086935	-0.245575	2479600.000000
2015-03-30	0.010655	0.102265	0.115229	0.097735	0.682167	1427500.000000
2015-03-27	0.000426	0.100704	0.107423	0.096484	0.027286	1962100.000000
2015-03-26	-0.004809	0.097898	0.104896	0.089812	-0.309238	2370900.000000
2015-03-25	-0.010636	0.099299	0.106530	0.086837	-0.691277	2456100.000000
2015-03-24	-0.010249	0.096408	0.104326	0.085748	-0.673050	2376800.000000
2015-03-23	0.000139	0.097169	0.104937	0.095342	0.009117	2383700.000000
2015-03-20	0.008240	0.102678	0.114041	0.100375	0.536622	4294100.000000
2015-03-19	-0.004450	0.097619	0.110154	0.089058	-0.291070	2562000.000000
2015-03-18	0.027575	0.097725	0.135898	0.093013	1.755421	3216700.000000
2015-03-17	0.000143	0.098039	0.104324	0.092698	0.009087	2293600.000000
2015-03-16	0.014791	0.103758	0.122252	0.100569	0.927738	2621800.000000
2015-03-13	-0.012317	0.099611	0.099768	0.074731	-0.782204	2858100.000000
2015-03-12	0.015563	0.106649	0.121202	0.104411	0.973198	3042600.000000
2015-03-11	-0.007363	0.103422	0.109137	0.091199	-0.463852	3759500.000000
2015-03-10	-0.004456	0.097083	0.109726	0.094080	-0.281959	5119900.000000
2015-03-09	-0.000144	0.099453	0.108302	0.097715	-0.009106	2359000.000000
2015-03-06	-0.022478	0.083544	0.083853	0.068716	-1.455265	4783400.000000
2015-03-05	0.008073	0.102879	0.117048	0.099920	0.518440	3371300.000000
2015-03-04	-0.005072	0.093102	0.097130	0.090003	-0.327430	2640200.000000
2015-03-03	0.009243	0.101017	0.110398	0.091010	0.591205	3734800.000000
2015-03-02	-0.024553	0.099453	0.099453	0.066054	-1.609882	4422800.000000
2015-02-27	0.001946	0.100064	0.107858	0.094258	0.127319	2220200.000000
2015-02-26	-0.010452	0.100965	0.103990	0.084937	-0.691246	2416200.000000
2015-02-25	-0.009562	0.104066	0.105863	0.087143	-0.638496	2381500.000000
2015-02-24	0.002165	0.108408	0.121616	0.103305	0.144249	2217400.000000
2015-02-23	-0.001216	0.108858	0.113805	0.101363	-0.081131	1660200.000000
2015-02-20	0.002710	0.108406	0.112765	0.097734	0.180298	3342600.000000
2015-02-19	-0.011785	0.104405	0.107673	0.091779	-0.793381	3625200.000000
2015-02-18	0.020361	0.106430	0.132196	0.106430	1.343361	2974500.000000
2015-02-17	0.003703	0.108245	0.120263	0.098205	0.243431	4604800.000000
2015-02-13	-0.010988	0.110813	0.110813	0.085085	-0.730286	4098100.000000
2015-02-12	-0.005397	0.111402	0.116341	0.097785	-0.360657	5422100.000000
2015-02-11	-0.033133	0.102647	0.106698	0.070672	-2.290016	4040700.000000
2015-02-10	0.019008	0.109158	0.133190	0.109011	1.289269	4019500.000000
2015-02-09	-0.006340	0.109305	0.144905	0.094508	-0.432740	4549300.000000
2015-02-06	-0.037870	0.102110	0.103802	0.057569	-2.686744	3980900.000000
2015-02-05	0.013655	0.114873	0.126161	0.104586	0.955696	1779600.000000
2015-02-04	-0.012090	0.103230	0.112969	0.092220	-0.856522	2138300.000000
2015-02-03	0.011065	0.108159	0.125713	0.100595	0.775368	3045700.000000
2015-02-02	0.010795	0.113341	0.125747	0.102667	0.748322	2560800.000000
2015-01-30	-0.028431	0.104673	0.105094	0.076643	-2.028557	2939700.000000
2015-01-29	0.016570	0.110583	0.129389	0.102034	1.163025	1887300.000000
2015-01-28	-0.014307	0.109439	0.121938	0.091182	-1.018792	2090400.000000
2015-01-27	0.000634	0.106348	0.115763	0.099743	0.045090	1523500.000000
2015-01-26	-0.002023	0.104530	0.109158	0.093591	-0.144264	1617500.000000
2015-01-23	0.004700	0.112540	0.120712	0.104931	0.333588	1507300.000000
2015-01-22	-0.006938	0.111537	0.115315	0.093067	-0.495865	3053700.000000
2015-01-21	0.011484	0.103921	0.124160	0.096420	0.811416	2466000.000000
2015-01-20	0.007845	0.112581	0.118144	0.102597	0.549973	1912500.000000
2015-01-16	0.007645	0.109877	0.118357	0.104271	0.531937	2559400.000000
2015-01-15	0.009418	0.110319	0.122651	0.102920	0.649147	2655100.000000
2015-01-14	0.000131	0.106691	0.116558	0.093052	0.009010	3647800.000000
2015-01-13	-0.000784	0.119742	0.126847	0.100024	-0.054100	2347000.000000
2015-01-12	0.000000	0.112928	0.114958	0.097994	0.000000	2177300.000000
2015-01-09	-0.011245	0.111739	0.113602	0.092529	-0.784378	1815100.000000
2015-01-08	0.011769	0.117716	0.127579	0.115105	0.811432	2164100.000000
2015-01-07	0.004070	0.112216	0.121537	0.102750	0.279487	2908100.000000
2015-01-06	-0.005095	0.112636	0.129298	0.101624	-0.351616	3290000.000000
2015-01-05	-0.012131	0.106152	0.110733	0.092125	-0.847488	2779200.000000
2015-01-02	0.007672	0.114351	0.119255	0.103822	0.531944	2210200.000000
2014-12-31	-0.017880	0.110150	0.112133	0.087910	-1.262230	2080800.000000
2014-12-30	-0.024056	0.105287	0.107776	0.078744	-1.740051	1990200.000000
2014-12-29	0.011983	0.108598	0.131683	0.108598	0.856499	2761400.000000
2014-12-26	0.011483	0.110573	0.129960	0.107319	0.811439	3526600.000000
2014-12-24	0.019246	0.107716	0.134543	0.106418	1.334343	1414700.000000
2014-12-23	0.005097	0.113797	0.123655	0.104664	0.351609	1923200.000000
2014-12-22	0.014722	0.118426	0.132254	0.114748	1.000770	2747400.000000
2014-12-19	0.000929	0.108716	0.118287	0.096054	0.063095	4360700.000000
2014-12-18	0.018386	0.113207	0.129701	0.106309	1.226158	2756200.000000
2014-12-17	0.030366	0.117965	0.144693	0.115184	1.965454	2643800.000000
2014-12-16	-0.002640	0.109620	0.129652	0.099296	-0.171310	2124900.000000
2014-12-15	-0.010176	0.114344	0.114344	0.089482	-0.667168	2352100.000000
2014-12-12	-0.008859	0.107042	0.116868	0.098878	-0.586029	3800000.000000
2014-12-11	0.020729	0.119805	0.141100	0.115948	1.343376	3741000.000000
2014-12-10	-0.008688	0.124761	0.139140	0.098451	-0.568000	8403400.000000
2014-12-09	0.002211	0.107625	0.116057	0.105479	0.144249	2094800.000000
2014-12-08	0.002772	0.111618	0.122379	0.106852	0.180305	1654000.000000
2014-12-05	-0.008111	0.098332	0.108091	0.095740	-0.531921	1571500.000000
2014-12-04	0.002204	0.109311	0.116340	0.102892	0.144241	1733000.000000
2014-12-03	-0.003569	0.108854	0.112661	0.099717	-0.234390	1496500.000000
2014-12-02	0.007748	0.109005	0.123276	0.103327	0.504883	2286000.000000
2014-12-01	-0.003722	0.103196	0.115273	0.099221	-0.243432	2643200.000000
2014-11-28	0.000276	0.107935	0.120933	0.107476	0.018029	1268500.000000
2014-11-26	-0.001377	0.111449	0.114656	0.101675	-0.090164	1591000.000000
2014-11-25	0.002484	0.109158	0.114822	0.101963	0.162277	2652800.000000
2014-11-24	-0.002730	0.118344	0.125672	0.113305	-0.178826	2431000.000000
2014-11-21	0.007981	0.127116	0.134041	0.117728	0.518624	2576100.000000
2014-11-20	0.002898	0.111553	0.122202	0.109083	0.187782	1786800.000000
2014-11-19	0.003601	0.115710	0.125469	0.112922	0.232483	1578000.000000
2014-11-18	0.000554	0.117104	0.125318	0.112919	0.035759	1677100.000000
2014-11-17	0.008244	0.116156	0.130063	0.114749	0.527565	1652500.000000
2014-11-14	-0.009549	0.114475	0.115867	0.104879	-0.616974	2888400.000000
2014-11-13	-0.006189	0.119420	0.124804	0.108500	-0.402382	2599300.000000
2014-11-12	-0.016236	0.094739	0.109265	0.090200	-1.073013	2838000.000000
2014-11-11	-0.006052	0.115486	0.118795	0.106462	-0.402382	2472200.000000
2014-11-10	0.006361	0.118344	0.127425	0.111079	0.420265	2097400.000000
2014-11-07	0.011084	0.123546	0.131198	0.119874	0.724274	2038500.000000
2014-11-06	-0.014829	0.118344	0.119248	0.093920	-0.983582	3884700.000000
2014-11-05	0.032860	0.122704	0.161477	0.119745	2.110253	4824700.000000
2014-11-04	-0.010198	0.119114	0.122351	0.100773	-0.661690	1964500.000000
2014-11-03	0.017672	0.121951	0.144067	0.121010	1.126671	3224200.000000
2014-10-31	-0.003912	0.094283	0.121624	0.094283	-0.250382	4292900.000000
2014-10-30	0.020094	0.122806	0.142250	0.110534	1.260800	3766900.000000
2014-10-29	-0.007637	0.117711	0.122930	0.099681	-0.482849	2347400.000000
2014-10-28	0.004974	0.120887	0.123907	0.108171	0.312950	2520600.000000
2014-10-27	-0.005090	0.118185	0.121823	0.110753	-0.321904	1679700.000000
2014-10-24	0.008845	0.120258	0.132542	0.117067	0.554406	1751100.000000
2014-10-23	0.000999	0.126807	0.129842	0.116108	0.062584	1818900.000000
2014-10-22	0.000286	0.115788	0.130484	0.115469	0.017894	2647600.000000
2014-10-21	0.007773	0.119953	0.128968	0.113192	0.482838	1810300.000000
2014-10-20	0.010767	0.119808	0.132012	0.116716	0.661701	2033000.000000
2014-10-17	0.011033	0.122621	0.133643	0.110612	0.670632	3108000.000000
2014-10-16	0.024876	0.105193	0.153076	0.105193	1.475402	4927200.000000
2014-10-15	-0.027134	0.110963	0.115719	0.074876	-1.654220	8471800.000000
2014-10-14	-0.025861	0.122818	0.124096	0.085907	-1.618481	8512600.000000
2014-10-13	-0.008921	0.121036	0.130062	0.108050	-0.563339	3822200.000000
2014-10-10	0.002698	0.123901	0.137398	0.120884	0.169907	2966300.000000
2014-10-09	-0.023433	0.118344	0.120204	0.091517	-1.511177	2729100.000000
2014-10-08	0.027497	0.118503	0.150369	0.115954	1.725765	4582800.000000
2014-10-07	0.001713	0.112758	0.127920	0.112438	0.107319	2797800.000000
2014-10-06	0.000428	0.118184	0.124731	0.113713	0.026821	1846800.000000
2014-10-03	0.010387	0.121086	0.131734	0.113504	0.643818	2125600.000000
2014-10-02	0.000866	0.118182	0.126256	0.114468	0.053630	1679200.000000
2014-10-01	0.002461	0.123685	0.131940	0.117858	0.152016	2192300.000000
2014-09-30	0.008908	0.124386	0.145780	0.124223	0.545445	2832700.000000
2014-09-29	0.006615	0.114563	0.127385	0.111110	0.402385	1660400.000000
2014-09-26	0.005915	0.124297	0.129919	0.112721	0.357670	1661100.000000
2014-09-25	-0.007047	0.116537	0.124747	0.110134	-0.429207	1743800.000000
2014-09-24	-0.002782	0.119981	0.120472	0.112776	-0.169891	1690200.000000
2014-09-23	0.000000	0.118344	0.120800	0.112121	0.000000	3644500.000000
2014-09-22	-0.008996	0.118344	0.119480	0.104713	-0.554382	1709700.000000
2014-09-19	0.005838	0.116059	0.127321	0.116059	0.357673	3030300.000000
2014-09-18	-0.007676	0.118506	0.122555	0.104415	-0.473922	1756000.000000
2014-09-17	-0.004182	0.124634	0.125440	0.107538	-0.259312	2307100.000000
2014-09-16	0.009904	0.116552	0.134306	0.115900	0.608028	1719200.000000
2014-09-15	0.001167	0.120953	0.125845	0.114430	0.071545	1272500.000000
2014-09-12	-0.019165	0.112746	0.112746	0.092113	-1.198185	1942000.000000
2014-09-11	0.005609	0.118344	0.126708	0.113197	0.348717	1605800.000000
2014-09-10	-0.004866	0.116743	0.119784	0.109700	-0.304024	1497700.000000
2014-09-09	-0.013832	0.114871	0.117239	0.102401	-0.876274	2497800.000000
2014-09-08	-0.006172	0.116932	0.118971	0.105637	-0.393456	2695700.000000
2014-09-05	0.014515	0.120253	0.134736	0.119299	0.912064	2017300.000000
2014-09-04	0.008757	0.118986	0.131026	0.115775	0.545441	2593400.000000
2014-09-03	0.002735	0.119148	0.126876	0.117861	0.169891	1671500.000000
2014-09-02	-0.010681	0.120096	0.129970	0.100188	-0.670624	2619800.000000
2014-08-29	0.005297	0.116422	0.124908	0.114021	0.330841	1606400.000000
2014-08-28	0.005325	0.114320	0.124460	0.111583	0.330845	1696000.000000
2014-08-27	0.009444	0.121106	0.129717	0.119968	0.581219	1850600.000000
2014-08-26	-0.009416	0.129058	0.132760	0.117148	-0.585037	1483300.000000
2014-08-25	0.008344	0.132474	0.140102	0.129391	0.514126	1574200.000000
2014-08-22	-0.002583	0.130035	0.132139	0.116761	-0.159562	1617300.000000
2014-08-21	0.000574	0.127930	0.136191	0.126797	0.035458	1606900.000000
2014-08-20	0.000862	0.127444	0.130038	0.121122	0.053184	1221800.000000
2014-08-19	0.013250	0.128093	0.143368	0.126614	0.806687	1780800.000000
2014-08-18	-0.003193	0.129239	0.133823	0.122526	-0.195027	1375600.000000
2014-08-15	0.008932	0.132718	0.145603	0.131231	0.540730	2190900.000000
2014-08-14	0.007673	0.129091	0.137747	0.127593	0.460964	1194800.000000
2014-08-13	0.004149	0.129597	0.137453	0.125920	0.248203	1321500.000000
2014-08-12	-0.000888	0.125254	0.132602	0.123584	-0.053180	1372800.000000
2014-08-11	-0.004422	0.127594	0.132083	0.118948	-0.265946	2103600.000000
2014-08-08	0.031782	0.135812	0.164803	0.135812	1.852677	3872800.000000
2014-08-07	0.013095	0.132611	0.145993	0.132611	0.753483	2863700.000000
2014-08-06	-0.016664	0.121427	0.122794	0.105876	-0.975102	5188600.000000
2014-08-05	-0.015217	0.126914	0.129102	0.106382	-0.904171	3036100.000000
2014-08-04	-0.008285	0.126257	0.128093	0.099052	-0.496395	3911100.000000
2014-08-01	-0.000739	0.122922	0.140935	0.121088	-0.044331	2601800.000000
2014-07-31	-0.019284	0.122531	0.126130	0.105357	-1.178993	3266900.000000
2014-07-30	-0.013728	0.129222	0.139869	0.103411	-0.850979	2588900.000000
2014-07-29	-0.013403	0.124750	0.129684	0.112973	-0.842148	2231100.000000
2014-07-28	0.014601	0.126316	0.147470	0.126316	0.904187	1806400.000000
2014-07-25	-0.006824	0.133545	0.133545	0.118791	-0.425488	1101900.000000
2014-07-24	0.001852	0.121184	0.134359	0.121184	0.115242	1203200.000000
2014-07-23	0.003860	0.126641	0.133738	0.123899	0.239323	1314000.000000
2014-07-22	-0.001142	0.133248	0.133409	0.125193	-0.070896	1690700.000000
2014-07-21	-0.001996	0.121661	0.130826	0.121179	-0.124115	1564600.000000
2014-07-18	0.014753	0.132987	0.147019	0.125319	0.904182	1852000.000000
2014-07-17	-0.009030	0.126637	0.129871	0.117744	-0.558472	2012900.000000
2014-07-16	0.003596	0.131825	0.133123	0.120466	0.221627	1303200.000000
2014-07-15	0.008999	0.127274	0.139554	0.126619	0.549598	2406500.000000
2014-07-14	-0.008633	0.131663	0.132150	0.118029	-0.531894	1605000.000000
2014-07-11	-0.006859	0.125191	0.128092	0.119065	-0.425480	1257700.000000
2014-07-10	0.011272	0.126625	0.141134	0.124832	0.691440	2191100.000000
2014-07-09	0.000723	0.129724	0.131845	0.120751	0.044323	1726900.000000
2014-07-08	0.004211	0.126127	0.133826	0.125144	0.257065	2702100.000000
2014-07-07	0.002913	0.125464	0.138608	0.123492	0.177288	2767500.000000
2014-07-03	-0.014072	0.121937	0.121937	0.102012	-0.868728	2603900.000000
2014-07-02	-0.021360	0.125397	0.125556	0.098130	-1.347401	3615900.000000
2014-07-01	-0.005033	0.128250	0.129670	0.114212	-0.319118	3214200.000000
2014-06-30	0.009884	0.126818	0.142110	0.123314	0.620502	3228900.000000
2014-06-27	-0.004358	0.124604	0.127775	0.117467	-0.274784	3406100.000000
2014-06-26	0.019639	0.133591	0.150894	0.130356	1.214432	6884200.000000
2014-06-25	-0.008246	0.122640	0.124725	0.114621	-0.514134	4956800.000000
2014-06-24	0.004283	0.126482	0.136951	0.126160	0.265927	1802200.000000
2014-06-23	-0.004831	0.132100	0.136107	0.117514	-0.301392	2187200.000000
2014-06-20	-0.008732	0.127616	0.134607	0.117129	-0.549606	3937400.000000
2014-06-19	0.015011	0.131640	0.149703	0.130350	0.930774	3955600.000000
2014-06-18	0.021466	0.127927	0.152637	0.126280	1.303078	2948400.000000
2014-06-17	-0.000292	0.125952	0.130563	0.121670	-0.017712	2579800.000000
2014-06-16	0.000877	0.126774	0.142762	0.124796	0.053181	2580400.000000
2014-06-13	0.006027	0.127595	0.137544	0.121128	0.363445	2691700.000000
2014-06-12	0.004726	0.126260	0.137422	0.117263	0.283673	1926600.000000
2014-06-11	-0.013405	0.124970	0.128750	0.112477	-0.815533	2006600.000000
2014-06-10	-0.005507	0.122044	0.128910	0.118611	-0.336864	1887200.000000
2014-06-09	-0.012026	0.125508	0.126800	0.111942	-0.744618	1799600.000000
2014-06-06	-0.005411	0.130823	0.134035	0.120061	-0.336861	1619800.000000
2014-06-05	0.002570	0.125677	0.134051	0.123905	0.159565	2265100.000000
2014-06-04	0.002576	0.123087	0.131967	0.120827	0.159562	2026200.000000
2014-06-03	0.003879	0.126796	0.134900	0.125823	0.239353	2551100.000000
2014-06-02	0.009281	0.128747	0.141343	0.124494	0.567329	2051300.000000
2014-05-30	0.006421	0.129245	0.135830	0.123153	0.390030	2524100.000000
2014-05-29	0.002487	0.129083	0.132384	0.125287	0.150707	2983800.000000
2014-05-28	-0.006829	0.128584	0.130715	0.118749	-0.416637	3679400.000000
2014-05-27	0.001442	0.144494	0.149090	0.133988	0.087871	2416100.000000
2014-05-23	-0.007161	0.139883	0.140861	0.129779	-0.439384	2387600.000000
2014-05-22	0.012471	0.141228	0.157234	0.137928	0.755764	1518500.000000
2014-05-21	0.000580	0.140900	0.143541	0.134625	0.035145	1461700.000000
2014-05-20	-0.001738	0.140235	0.147982	0.132324	-0.105458	1937500.000000
2014-05-19	-0.018342	0.135986	0.136795	0.116247	-1.133640	2053600.000000
2014-05-16	0.003567	0.137603	0.142636	0.133056	0.219685	1513000.000000
2014-05-15	-0.006943	0.138895	0.140991	0.128253	-0.430599	1309800.000000
2014-05-14	0.011032	0.139884	0.157328	0.139884	0.676670	2071200.000000
2014-05-13	0.006779	0.141046	0.148760	0.137271	0.413028	2003800.000000
2014-05-12	-0.007586	0.141022	0.141348	0.128806	-0.465751	1901200.000000
2014-05-09	-0.017164	0.138088	0.141290	0.116636	-1.072121	1664700.000000
2014-05-08	-0.015649	0.135879	0.140606	0.116811	-0.993038	1425300.000000
2014-05-07	0.022225	0.145499	0.163702	0.143888	1.379700	1942700.000000
2014-05-06	-0.007308	0.134729	0.137927	0.127054	-0.456978	1895200.000000
2014-05-05	0.004234	0.135519	0.144351	0.133752	0.263645	1621800.000000
2014-05-02	-0.022351	0.132432	0.134159	0.106371	-1.423649	1906800.000000
2014-05-01	-0.000827	0.138555	0.145144	0.126162	-0.052719	1572100.000000
2014-04-30	0.001104	0.144837	0.158186	0.133530	0.070301	2745300.000000
2014-04-29	-0.003849	0.137458	0.139023	0.128228	-0.246063	2323800.000000
2014-04-28	0.005668	0.137927	0.145951	0.131477	0.360302	1864600.000000
2014-04-25	0.011326	0.137928	0.151611	0.137450	0.711838	1689200.000000
2014-04-24	0.006473	0.138728	0.149297	0.130721	0.404224	1489900.000000
2014-04-23	0.002681	0.136643	0.149006	0.135519	0.166973	1732900.000000
2014-04-22	0.001979	0.139375	0.143076	0.132618	0.123024	1602900.000000
2014-04-21	0.000849	0.141309	0.148716	0.133097	0.052734	1235400.000000
2014-04-17	-0.012023	0.133155	0.140473	0.123769	-0.755775	1831200.000000
2014-04-16	0.013604	0.141636	0.153407	0.137121	0.843655	1799300.000000
2014-04-15	0.004841	0.137765	0.143760	0.130474	0.298786	2149400.000000
2014-04-14	0.011668	0.143009	0.155959	0.137600	0.711830	1865500.000000
2014-04-11	-0.002300	0.137110	0.143651	0.132367	-0.140617	2285400.000000
2014-04-10	-0.010242	0.135985	0.143593	0.120769	-0.632737	3407500.000000
2014-04-09	-0.002554	0.136959	0.138735	0.119683	-0.158176	2687700.000000
2014-04-08	0.018645	0.139737	0.162104	0.131349	1.133652	3601100.000000
2014-04-07	-0.006176	0.137928	0.142831	0.130736	-0.377884	2503800.000000
2014-04-04	-0.002150	0.141679	0.153422	0.134339	-0.131817	2602500.000000
2014-04-03	-0.007257	0.141004	0.142623	0.127889	-0.448178	2319900.000000
2014-04-02	-0.001705	0.137928	0.143100	0.129684	-0.105453	1818400.000000
2014-04-01	-0.008311	0.135683	0.140653	0.122700	-0.518490	2418500.000000
2014-03-31	-0.001407	0.140969	0.144810	0.124322	-0.087887	2850500.000000
2014-03-28	0.001973	0.135843	0.140815	0.132314	0.123040	1866300.000000
2014-03-27	0.008385	0.138898	0.148602	0.133399	0.518478	1819800.000000
2014-03-26	0.004139	0.138902	0.152543	0.136304	0.254852	2189500.000000
2014-03-25	0.004300	0.140863	0.145104	0.133850	0.263638	1658300.000000
2014-03-24	-0.004139	0.137603	0.143287	0.128020	-0.254849	2236100.000000
2014-03-21	0.004157	0.155053	0.157336	0.140537	0.254849	4528700.000000
2014-03-20	-0.000859	0.142001	0.142001	0.123913	-0.052735	2537600.000000
2014-03-19	-0.009503	0.140188	0.149711	0.119850	-0.588768	3163500.000000
2014-03-18	-0.001417	0.137928	0.142280	0.131642	-0.087886	2411100.000000
2014-03-17	0.010159	0.143463	0.150302	0.134508	0.623935	3800700.000000
2014-03-14	0.005612	0.136618	0.147588	0.131870	0.342732	4787500.000000
2014-03-13	0.007538	0.138918	0.149475	0.135948	0.456974	3369800.000000
2014-03-12	0.013666	0.137259	0.153981	0.134583	0.817268	2711200.000000
2014-03-11	-0.004389	0.139259	0.139259	0.127938	-0.263641	2223000.000000
2014-03-10	-0.001315	0.135766	0.141585	0.130113	-0.079094	2016900.000000
2014-03-07	0.006915	0.136588	0.146968	0.131566	0.413036	3006800.000000
2014-03-06	-0.008027	0.141747	0.144238	0.125804	-0.483329	2294500.000000
2014-03-05	-0.011113	0.137435	0.138092	0.122490	-0.676663	2721300.000000
2014-03-04	0.010205	0.149707	0.153356	0.142407	0.615139	2891000.000000
2014-03-03	-0.011671	0.130877	0.138747	0.121367	-0.711822	2861700.000000
2014-02-28	-0.002587	0.136128	0.141689	0.129914	-0.158184	4112500.000000
2014-02-27	-0.002580	0.137927	0.143963	0.129608	-0.158181	1652600.000000
2014-02-26	-0.012737	0.142598	0.143725	0.120857	-0.790912	2633900.000000
2014-02-25	-0.000421	0.149200	0.158376	0.144693	-0.026127	1893800.000000
2014-02-24	-0.001401	0.147751	0.160933	0.145661	-0.087136	1514400.000000
2014-02-21	-0.001538	0.149195	0.156739	0.144701	-0.095855	1549200.000000
2014-02-20	0.012174	0.149052	0.165298	0.147103	0.749382	2032000.000000
2014-02-19	-0.003105	0.146942	0.161680	0.141274	-0.191693	2125000.000000
2014-02-18	-0.003516	0.148236	0.150818	0.140651	-0.217865	2094900.000000
2014-02-14	0.005942	0.144343	0.155382	0.138012	0.365990	2225000.000000
2014-02-13	0.019175	0.142626	0.170588	0.141634	1.158951	2736000.000000
2014-02-12	0.003182	0.145266	0.153897	0.141283	0.191708	1846600.000000
2014-02-11	0.009490	0.150941	0.166021	0.145412	0.566406	3114000.000000
2014-02-10	0.023308	0.153420	0.175710	0.147590	1.359375	3972400.000000
2014-02-07	0.015168	0.150201	0.165867	0.147938	0.871387	2138000.000000
2014-02-06	0.003501	0.146717	0.154577	0.137285	0.200424	1735000.000000
2014-02-05	-0.002278	0.143233	0.147590	0.133823	-0.130710	2684100.000000
2014-02-04	-0.018921	0.147761	0.151522	0.124337	-1.106674	3507300.000000
2014-02-03	-0.011633	0.146407	0.163644	0.130860	-0.688401	3096300.000000
2014-01-31	0.012826	0.123115	0.171552	0.113873	0.749401	4436900.000000
2014-01-30	0.011617	0.150534	0.163000	0.148456	0.670975	2184200.000000
2014-01-29	0.000302	0.144473	0.151054	0.140835	0.017418	2646200.000000
2014-01-28	-0.002409	0.147590	0.151391	0.141370	-0.139419	2380500.000000
2014-01-27	0.007432	0.148112	0.161863	0.146198	0.426986	2171700.000000
2014-01-24	-0.007078	0.142232	0.154849	0.138257	-0.409549	2383200.000000
2014-01-23	-0.010727	0.140751	0.145538	0.129638	-0.627411	2643500.000000
2014-01-22	0.003589	0.147590	0.153767	0.146046	0.209144	2148200.000000
2014-01-21	0.008900	0.151052	0.158843	0.149148	0.514115	2775200.000000
2014-01-17	-0.002858	0.144828	0.148798	0.140167	-0.165573	1947600.000000
2014-01-16	-0.002251	0.140873	0.146212	0.134156	-0.130703	1779500.000000
2014-01-15	-0.007152	0.147419	0.148445	0.138185	-0.418263	1613700.000000
2014-01-14	-0.000893	0.148102	0.152032	0.141610	-0.052292	1750500.000000
2014-01-13	-0.008999	0.147421	0.159273	0.134553	-0.531536	2852000.000000
2014-01-10	0.022014	0.155377	0.173546	0.153127	1.272228	3385000.000000
2014-01-09	0.024089	0.160704	0.177361	0.154679	1.359372	2961600.000000
2014-01-08	0.001082	0.144751	0.155395	0.140317	0.060981	2935500.000000
2014-01-07	0.018420	0.152830	0.169631	0.150842	1.019547	2196600.000000
2014-01-06	0.000157	0.149939	0.153011	0.142892	0.008713	1889000.000000
2014-01-03	-0.001101	0.147590	0.152824	0.139648	-0.061005	1739100.000000
2014-01-02	-0.017159	0.146171	0.146703	0.125415	-0.967255	2282100.000000
