2015-12-18	-0.013504	-0.003896	0.006271	-0.015051	-10.119995	3148700.000000
2015-12-17	-0.011423	0.005712	0.006055	-0.011991	-8.660034	1553400.000000
2015-12-16	0.019761	0.008878	0.023123	-0.005334	14.690003	1993300.000000
2015-12-15	-0.005844	0.006994	0.013788	-0.006366	-4.369996	2666200.000000
2015-12-14	0.012045	0.003952	0.013345	-0.019895	8.900025	2412500.000000
2015-12-11	-0.014130	-0.011075	-0.005004	-0.016959	-10.590027	2224400.000000
2015-12-10	-0.002860	0.001650	0.005641	-0.010351	-2.149963	1984900.000000
2015-12-09	-0.014114	-0.004197	0.002440	-0.033277	-10.760010	2700000.000000
2015-12-08	-0.001153	-0.007023	0.002031	-0.011857	-0.880005	1829500.000000
2015-12-07	-0.004643	0.001252	0.002504	-0.015284	-3.559998	1812300.000000
2015-12-04	0.018962	0.000744	0.021195	-0.003375	14.270020	2757300.000000
2015-12-03	-0.012907	0.004761	0.008677	-0.021971	-9.840027	2590600.000000
2015-12-02	-0.006075	0.002425	0.011623	-0.010534	-4.659973	2230400.000000
2015-12-01	0.032911	0.006073	0.035483	0.005521	24.440002	2134600.000000
2015-11-30	-0.010210	-0.001933	0.006224	-0.011982	-7.660034	2097600.000000
2015-11-27	0.002820	0.000414	0.007031	-0.000882	2.109986	838500.000000
2015-11-25	-0.000174	-0.000187	0.004971	-0.002967	-0.130005	1122100.000000
2015-11-24	-0.010185	-0.005265	-0.000927	-0.024273	-7.699951	2333100.000000
2015-11-23	-0.000819	0.001123	0.008073	-0.006318	-0.619996	1414500.000000
2015-11-20	0.024634	0.010997	0.026422	0.006216	18.190003	2212300.000000
2015-11-19	-0.002149	-0.001703	0.002703	-0.003473	-1.590027	1327100.000000
2015-11-18	0.020267	0.003144	0.022211	0.002344	14.700012	1684300.000000
2015-11-17	-0.005021	0.000453	0.003958	-0.008139	-3.660034	1510900.000000
2015-11-16	0.016681	-0.001953	0.017420	-0.007908	11.960022	1905900.000000
2015-11-13	-0.019460	-0.002817	-0.000109	-0.019830	-14.229980	2075500.000000
2015-11-12	-0.005670	-0.005983	0.003263	-0.009185	-4.170044	1837200.000000
2015-11-11	0.009721	0.005684	0.017410	0.002622	7.080017	1366400.000000
2015-11-10	0.004732	-0.000676	0.007863	-0.008815	3.429992	1608000.000000
2015-11-09	-0.012088	-0.004852	0.001295	-0.019530	-8.869995	2069800.000000
2015-11-06	0.003432	0.000342	0.005689	-0.005798	2.510010	1511600.000000
2015-11-05	0.004313	0.001868	0.015616	0.001868	3.140015	1861600.000000
2015-11-04	0.008239	-0.000222	0.015149	-0.000360	5.950012	1706700.000000
2015-11-03	0.001456	-0.003120	0.004909	-0.008861	1.049988	1565400.000000
2015-11-02	0.014490	0.000352	0.015208	-0.006978	10.299987	1886300.000000
2015-10-30	-0.008523	-0.001660	0.001506	-0.009583	-6.109985	1908800.000000
2015-10-29	0.005568	-0.003436	0.007448	-0.004124	3.969971	1456000.000000
2015-10-28	0.006295	-0.001637	0.006337	-0.007636	4.460022	2178900.000000
2015-10-27	-0.006019	-0.007576	0.001178	-0.011546	-4.290039	2245800.000000
2015-10-26	0.015356	-0.000641	0.024430	-0.001054	10.780029	2716600.000000
2015-10-23	0.077034	0.116157	0.119993	0.076267	50.210022	6653900.000000
2015-10-22	0.014285	0.006365	0.023638	0.002179	9.179993	4071000.000000
2015-10-21	-0.011795	0.005951	0.008596	-0.013148	-7.670044	1791100.000000
2015-10-20	-0.023750	-0.003093	-0.002072	-0.032885	-15.819947	2490000.000000
2015-10-19	0.005889	-0.001540	0.006977	-0.003957	3.899964	1477300.000000
2015-10-16	0.000695	0.003581	0.004881	-0.006861	0.460022	1611100.000000
2015-10-15	0.016248	0.005375	0.018383	0.005068	10.580017	1885700.000000
2015-10-14	-0.001748	0.001395	0.010869	-0.005289	-1.140015	1415500.000000
2015-10-13	0.008706	-0.005443	0.017230	-0.005443	5.630005	1807700.000000
2015-10-12	0.004754	-0.002362	0.007598	-0.007147	3.059998	1275200.000000
2015-10-09	0.006962	0.001314	0.010686	-0.006011	4.450012	1648700.000000
2015-10-08	-0.004982	-0.001557	0.003254	-0.026154	-3.200012	2182100.000000
2015-10-07	-0.004772	0.005887	0.008009	-0.020591	-3.080017	2092700.000000
2015-10-06	0.006189	-0.004100	0.012128	-0.007701	3.970031	2166300.000000
2015-10-05	0.023225	0.008119	0.025682	0.000144	14.559998	1803600.000000
2015-10-02	0.025553	-0.006691	0.026256	-0.013349	15.619995	2684800.000000
2015-10-01	0.004717	-0.000082	0.006032	-0.014086	2.869995	1867600.000000
2015-09-30	0.022606	0.013967	0.023178	0.009681	13.450012	2413400.000000
2015-09-29	0.000134	0.004018	0.016995	-0.007850	0.079956	2309500.000000
2015-09-28	-0.027910	-0.002663	0.004306	-0.036914	-17.079956	3127700.000000
2015-09-25	-0.022100	0.006344	0.006344	-0.023650	-13.830017	2174000.000000
2015-09-24	0.005527	-0.009191	0.007970	-0.016004	3.440003	2240100.000000
2015-09-23	-0.000530	-0.001028	0.010021	-0.004320	-0.330017	1470900.000000
2015-09-22	-0.020065	-0.013282	-0.012417	-0.031490	-12.750000	2562900.000000
2015-09-21	0.009837	0.008184	0.011506	-0.005260	6.190002	1788500.000000
2015-09-18	-0.021232	-0.009504	-0.004511	-0.024701	-13.650024	5133400.000000
2015-09-17	0.010881	0.002846	0.023460	-0.001509	6.920044	2274700.000000
2015-09-16	0.001322	0.000520	0.004424	-0.004440	0.839965	1286500.000000
2015-09-15	0.019094	0.005552	0.024806	0.000867	11.900025	2084400.000000
2015-09-14	-0.004043	-0.000112	0.000144	-0.010132	-2.530030	1702300.000000
2015-09-11	0.007114	-0.002575	0.007130	-0.006325	4.420044	1373500.000000
2015-09-10	0.014085	0.000620	0.018671	-0.002105	8.630005	1905300.000000
2015-09-09	-0.003156	0.010673	0.019295	-0.008232	-1.940002	1702100.000000
2015-09-08	0.023239	0.019627	0.025986	0.005693	13.959961	2279500.000000
2015-09-04	-0.009155	-0.010309	-0.004586	-0.018144	-5.549988	2089000.000000
2015-09-03	-0.013169	0.004330	0.008741	-0.018750	-8.090027	1759600.000000
2015-09-02	0.027685	0.013048	0.027685	0.003212	16.550049	2575600.000000
2015-09-01	-0.033093	-0.025702	-0.008718	-0.039062	-20.460022	3702100.000000
2015-08-31	-0.019242	-0.004505	0.008598	-0.020147	-12.130005	2176700.000000
2015-08-28	-0.011339	-0.007512	-0.001145	-0.020467	-7.229980	1978700.000000
2015-08-27	0.014301	0.017149	0.023814	-0.010531	8.989990	3491300.000000
2015-08-26	0.079992	0.048603	0.085301	0.029189	46.559997	4235900.000000
2015-08-25	-0.012805	0.042910	0.047218	-0.014416	-7.549987	3538000.000000
2015-08-24	-0.037340	-0.064459	-0.021470	-0.077439	-22.869995	5770300.000000
2015-08-21	-0.053105	-0.010899	-0.010482	-0.053337	-34.350037	4265200.000000
2015-08-20	-0.021289	-0.008231	0.003162	-0.027236	-14.070007	2855300.000000
2015-08-19	0.007270	0.000716	0.016567	-0.002957	4.770019	2131600.000000
2015-08-18	-0.007172	0.001559	0.004736	-0.011212	-4.739990	1456100.000000
2015-08-17	0.005707	-0.000487	0.006483	-0.008948	3.750000	1051700.000000
2015-08-14	0.001021	-0.002194	0.005187	-0.005774	0.669983	1072100.000000
2015-08-13	-0.004715	-0.000361	0.007490	-0.011976	-3.109986	1810700.000000
2015-08-12	-0.001846	0.003481	0.006386	-0.012849	-1.220031	2936700.000000
2015-08-11	0.042684	0.055970	0.064965	0.032411	27.050049	5029200.000000
2015-08-10	-0.002471	0.006580	0.012813	-0.006376	-1.570008	1809200.000000
2015-08-07	-0.011483	-0.003812	0.000000	-0.020181	-7.380005	1403900.000000
2015-08-06	-0.001709	0.001895	0.002484	-0.017910	-1.100036	1572600.000000
2015-08-05	0.023091	0.008073	0.029575	0.006214	14.530029	2334300.000000
2015-08-04	-0.003105	-0.004420	0.005703	-0.006416	-1.960022	1490900.000000
2015-08-03	0.008951	-0.000432	0.011902	-0.000432	5.600037	1304500.000000
2015-07-31	-0.011034	-0.001913	0.000506	-0.011208	-6.980042	1706100.000000
2015-07-30	0.001044	-0.003054	0.005206	-0.015635	0.660034	1474200.000000
2015-07-29	0.006258	0.001274	0.008535	-0.008519	3.929993	1575100.000000
2015-07-28	0.001180	0.008880	0.008880	-0.006297	0.739990	1727300.000000
2015-07-27	0.005934	-0.004105	0.017224	-0.004907	3.700012	2675400.000000
2015-07-24	-0.032160	0.004222	0.006038	-0.033774	-20.720031	3625700.000000
2015-07-23	-0.026914	-0.001254	0.002311	-0.031868	-17.819947	3029100.000000
2015-07-22	-0.000302	-0.002129	0.024672	-0.004983	-0.200012	3929300.000000
2015-07-21	-0.001086	-0.011779	0.015052	-0.013152	-0.720032	3377200.000000
2015-07-20	-0.014727	-0.020344	-0.006018	-0.029602	-9.909973	5860900.000000
2015-07-17	0.160524	0.119255	0.163177	0.112357	93.080017	11164900.000000
2015-07-16	0.035040	0.008747	0.036521	0.008532	19.630005	4768300.000000
2015-07-15	-0.001568	-0.001729	0.009629	-0.007681	-0.880005	1784600.000000
2015-07-14	0.026622	0.000384	0.035311	0.000293	14.549988	3244100.000000
2015-07-13	0.030974	0.005187	0.032030	0.004282	16.419983	2206500.000000
2015-07-10	0.018149	0.010774	0.022816	0.009353	9.450012	1956700.000000
2015-07-09	0.007449	0.012170	0.013428	0.006811	3.849976	1839400.000000
2015-07-08	-0.015599	-0.007562	-0.004354	-0.016971	-8.190003	1296700.000000
2015-07-07	0.004131	0.000516	0.006350	-0.014688	2.160035	1597200.000000
2015-07-06	-0.001032	-0.007451	0.003535	-0.008407	-0.540039	1280500.000000
2015-07-02	0.002989	-0.001456	0.005385	-0.001456	1.559997	1235900.000000
2015-07-01	0.002555	0.008107	0.009952	-0.004380	1.330017	1961000.000000
2015-06-30	-0.001937	0.008629	0.009070	-0.001956	-1.010010	2217200.000000
2015-06-29	-0.019128	-0.012564	-0.005793	-0.020971	-10.169982	1937800.000000
2015-06-26	-0.006614	0.003793	0.004727	-0.007249	-3.539978	2109100.000000
2015-06-25	-0.004853	0.001915	0.005689	-0.004853	-2.610047	1335700.000000
2015-06-24	-0.004884	-0.000888	-0.000888	-0.008918	-2.639953	1286600.000000
2015-06-23	0.004255	0.002694	0.006148	-0.005463	2.289978	1197500.000000
2015-06-22	0.002795	0.005404	0.013136	0.001565	1.500000	1250300.000000
2015-06-19	-0.000074	0.000894	0.002832	-0.006931	-0.039978	1893500.000000
2015-06-18	0.014114	0.003288	0.016797	0.002891	7.469970	1833100.000000
2015-06-17	0.002102	0.002310	0.005358	-0.005775	1.109986	1294200.000000
2015-06-16	0.001802	0.002276	0.004628	-0.003111	0.950012	1071800.000000
2015-06-15	-0.009637	-0.008134	-0.007571	-0.015648	-5.130005	1632700.000000
2015-06-12	-0.004265	-0.005630	-0.002787	-0.008324	-2.279968	955800.000000
2015-06-11	-0.003876	0.003233	0.004267	-0.006838	-2.080017	1217500.000000
2015-06-10	0.018987	0.005069	0.022157	0.005050	10.000000	1815000.000000
2015-06-09	-0.000266	0.001386	0.004499	-0.007251	-0.140015	1455300.000000
2015-06-08	-0.012188	-0.000038	0.001481	-0.013294	-6.500000	1520600.000000
2015-06-05	-0.006279	-0.000652	0.000932	-0.007788	-3.369995	1388200.000000
2015-06-04	-0.006681	-0.004719	0.000518	-0.011086	-3.609986	1348300.000000
2015-06-03	0.002096	0.001354	0.008012	-0.003839	1.130005	1714500.000000
2015-06-02	0.009719	-0.001985	0.016873	-0.004981	5.190003	1939000.000000
2015-06-01	0.003533	0.008795	0.008795	-0.004416	1.880005	1904300.000000
2015-05-29	-0.014210	-0.004465	-0.002131	-0.015432	-7.670044	2597400.000000
2015-05-28	-0.000018	-0.003298	0.001519	-0.006558	-0.009949	1029800.000000
2015-05-27	0.014033	0.000902	0.015461	-0.001146	7.469971	1525000.000000
2015-05-26	-0.014423	-0.003684	-0.002055	-0.018941	-7.789978	2406500.000000
2015-05-22	-0.004424	-0.004350	0.003097	-0.005530	-2.400025	1176200.000000
2015-05-21	0.006008	-0.002448	0.008474	-0.006101	3.239990	1462700.000000
2015-05-20	0.003554	0.002103	0.010347	-0.008166	1.910035	1430800.000000
2015-05-19	0.009506	0.003156	0.015705	0.001390	5.059997	1966900.000000
2015-05-18	-0.002903	-0.003447	0.001817	-0.009366	-1.549988	2003400.000000
2015-05-15	-0.008451	0.001449	0.001623	-0.014896	-4.550048	1971300.000000
2015-05-14	0.016578	0.007836	0.017711	0.005268	8.780029	1403900.000000
2015-05-13	0.001096	0.002873	0.009984	-0.000728	0.580017	1252300.000000
2015-05-12	-0.012432	-0.007654	-0.004650	-0.019489	-6.660034	1634200.000000
2015-05-11	-0.004682	0.000279	0.006986	-0.005239	-2.519959	905300.000000
2015-05-08	0.014170	0.011212	0.019691	-0.010741	7.519959	1527600.000000
2015-05-07	0.012361	-0.000439	0.017626	-0.004712	6.480041	1546300.000000
2015-05-06	-0.012396	0.000829	0.002977	-0.018302	-6.580017	1567000.000000
2015-05-05	-0.018455	-0.004752	-0.001923	-0.019211	-9.980041	1383100.000000
2015-05-04	0.005354	0.001171	0.011471	-0.005280	2.880005	1308000.000000
2015-05-01	0.001042	0.002028	0.004094	-0.009752	0.559997	1768200.000000
2015-04-30	-0.021381	-0.002204	-0.000892	-0.025552	-11.739990	2082200.000000
2015-04-29	-0.008308	-0.005798	0.000000	-0.012236	-4.599976	1698800.000000
2015-04-28	-0.003043	-0.001314	0.001170	-0.009010	-1.690002	1491000.000000
2015-04-27	-0.014450	-0.000218	0.004325	-0.018301	-8.142883	2398000.000000
2015-04-24	0.033016	0.034918	0.044132	0.018739	18.010559	4932500.000000
2015-04-23	0.014155	0.003031	0.021497	0.001604	7.614074	4184800.000000
2015-04-22	0.010104	0.000805	0.013315	-0.004158	5.380249	1593500.000000
2015-04-21	-0.002634	0.003979	0.007490	-0.003185	-1.406128	1844700.000000
2015-04-20	0.021620	0.002958	0.022975	0.000859	11.298951	1679200.000000
2015-04-17	-0.018265	-0.009629	-0.007419	-0.023960	-9.723267	2151800.000000
2015-04-16	0.002385	-0.004939	0.005746	-0.005483	1.266480	1299800.000000
2015-04-15	0.004035	-0.003186	0.008183	-0.013518	2.134155	2318800.000000
2015-04-14	-0.016284	-0.005416	-0.002968	-0.020546	-8.755982	2604100.000000
2015-04-13	-0.001555	-0.002963	0.007500	-0.005000	-0.837646	1645300.000000
2015-04-10	-0.001424	0.002792	0.002792	-0.006417	-0.767944	1409400.000000
2015-04-09	-0.001532	-0.001071	0.000628	-0.011300	-0.827698	1557800.000000
2015-04-08	0.008547	0.002533	0.012718	0.002533	4.577453	1178500.000000
2015-04-07	0.000475	0.002450	0.011038	-0.001425	0.254273	1302800.000000
2015-04-06	0.002306	-0.006181	0.005378	-0.011129	1.231628	1324400.000000
2015-04-02	-0.012957	-0.003152	-0.003152	-0.016059	-7.010742	1716300.000000
2015-04-01	-0.009927	0.001095	0.005730	-0.015511	-5.425110	1963000.000000
2015-03-31	-0.007300	-0.003677	0.004855	-0.009619	-4.018982	1588000.000000
2015-03-30	0.006729	0.005982	0.009355	-0.000310	3.679871	1287500.000000
2015-03-27	-0.012303	-0.003909	0.000198	-0.012681	-6.811279	1897400.000000
2015-03-26	-0.006469	-0.002139	0.000206	-0.014558	-3.605103	1572600.000000
2015-03-25	-0.020002	0.000544	0.003630	-0.020081	-11.373779	2152200.000000
2015-03-24	0.020365	0.006711	0.028239	0.004295	11.348877	2583200.000000
2015-03-23	-0.002766	0.000125	0.003569	-0.008084	-1.545777	1643800.000000
2015-03-20	0.004247	0.006559	0.006685	0.001900	2.363526	2616800.000000
2015-03-19	-0.002699	-0.000197	0.002324	-0.005996	-1.505860	1197200.000000
2015-03-18	0.015721	0.003014	0.016230	-0.006971	8.636292	2134500.000000
2015-03-17	-0.006618	-0.005050	-0.001280	-0.011740	-3.659973	1805500.000000
2015-03-16	0.013137	0.006632	0.017412	-0.002412	7.170288	1640900.000000
2015-03-13	-0.014743	-0.003618	0.005202	-0.020324	-8.167542	1703500.000000
2015-03-12	0.007856	0.004227	0.009416	-0.001306	4.318116	1389600.000000
2015-03-11	-0.006901	0.000234	0.005639	-0.007802	-3.819519	1820700.000000
2015-03-10	-0.024330	-0.008086	-0.007032	-0.024822	-13.802063	1792300.000000
2015-03-09	0.002052	-0.001453	0.004554	-0.007310	1.161804	1062100.000000
2015-03-06	-0.013288	-0.000782	0.002346	-0.014896	-7.624085	1659100.000000
2015-03-05	0.003418	0.002878	0.007918	0.000070	1.954651	1389600.000000
2015-03-04	-0.000471	-0.003086	0.006049	-0.009815	-0.269287	1876800.000000
2015-03-03	0.004026	-0.001558	0.007089	-0.008436	2.293701	1704700.000000
2015-03-02	0.023173	0.003815	0.024624	0.000627	12.904602	2129600.000000
2015-02-27	0.005257	-0.002232	0.016616	-0.004645	2.911988	2410100.000000
2015-02-26	0.021347	-0.001214	0.022561	-0.004358	11.578186	2311500.000000
2015-02-25	0.014513	-0.000354	0.018896	-0.001203	7.758728	1825900.000000
2015-02-24	0.007859	-0.003591	0.009174	-0.006881	4.168579	1005000.000000
2015-02-23	-0.013062	-0.005381	-0.004659	-0.017701	-7.020752	1457800.000000
2015-02-20	-0.007221	0.000479	0.001621	-0.013023	-3.909241	1444300.000000
2015-02-19	0.005874	-0.003076	0.006318	-0.003131	3.161316	989100.000000
2015-02-18	-0.005784	-0.002653	0.004882	-0.009819	-3.131409	1453000.000000
2015-02-17	-0.011238	-0.003971	0.001803	-0.014426	-6.153137	1616800.000000
2015-02-13	0.011199	0.000774	0.012856	0.000368	6.063355	1900300.000000
2015-02-12	0.012986	0.002388	0.016512	-0.002420	6.940979	1620200.000000
2015-02-11	-0.001807	-0.003054	0.002812	-0.006634	-0.967347	1377700.000000
2015-02-10	0.017259	0.002785	0.018699	-0.001724	9.085022	1749800.000000
2015-02-09	-0.005970	-0.005650	0.001883	-0.009379	-3.161316	1267700.000000
2015-02-06	0.006482	0.000114	0.018234	-0.002218	3.410645	1763500.000000
2015-02-05	0.009220	0.001970	0.010980	-0.001282	4.806824	1849700.000000
2015-02-04	-0.012244	0.000000	0.006485	-0.015059	-6.462281	1663600.000000
2015-02-03	0.001438	-0.000908	0.009310	-0.009877	0.757935	2038600.000000
2015-02-02	-0.011300	-0.005220	-0.002844	-0.029877	-6.023499	2849800.000000
2015-01-30	0.046724	0.010183	0.057201	0.009517	23.794709	5606300.000000
2015-01-29	0.001294	0.001961	0.002137	-0.017255	0.658172	4186300.000000
2015-01-28	-0.016640	0.008002	0.008407	-0.016640	-8.606384	1683800.000000
2015-01-27	-0.030978	-0.009791	-0.008427	-0.031801	-16.534607	1904000.000000
2015-01-26	-0.008779	-0.002630	-0.001759	-0.019039	-4.726990	1543700.000000
2015-01-23	0.010404	0.002246	0.014559	-0.002601	5.544800	2281700.000000
2015-01-22	0.031561	0.006640	0.035306	0.003204	16.305176	2676900.000000
2015-01-21	0.021977	0.000690	0.024423	-0.001381	11.109528	2268700.000000
2015-01-20	-0.002322	0.005747	0.008699	-0.004062	-1.176758	2232000.000000
2015-01-16	0.012535	-0.003547	0.012754	-0.003567	6.272766	2298200.000000
2015-01-15	0.001837	0.009384	0.009603	-0.006209	0.917480	2715800.000000
2015-01-14	0.009452	-0.003084	0.014209	-0.006409	4.677155	2215500.000000
2015-01-13	0.007370	0.012770	0.021175	-0.000325	3.620056	2370400.000000
2015-01-12	-0.007296	-0.002479	-0.000391	-0.017353	-3.610077	2326700.000000
2015-01-09	-0.012951	0.004138	0.004456	-0.015696	-6.492187	2071300.000000
2015-01-08	0.003153	-0.006206	0.004750	-0.020156	1.575683	3353500.000000
2015-01-07	-0.001713	0.010041	0.010527	-0.004602	-0.857635	2065000.000000
2015-01-06	-0.023177	0.002199	0.004486	-0.024948	-11.877381	2899900.000000
2015-01-05	-0.020846	-0.002953	-0.000915	-0.022389	-10.910095	2059800.000000
2015-01-02	-0.003020	0.004958	0.009251	-0.004369	-1.585632	1447500.000000
2014-12-31	-0.007579	0.001565	0.004110	-0.008710	-4.008972	1368200.000000
2014-12-30	0.000170	-0.004224	0.001546	-0.006034	0.089721	876200.000000
2014-12-29	-0.006928	-0.003445	0.002715	-0.007526	-3.689819	2278500.000000
2014-12-26	0.009948	0.000000	0.010364	-0.002761	5.245544	1040500.000000
2014-12-24	-0.003430	-0.000151	0.002203	-0.006728	-1.815002	705900.000000
2014-12-23	0.010898	0.004058	0.018462	0.002705	5.704346	2197600.000000
2014-12-22	0.016500	-0.000523	0.019580	-0.000523	8.496704	2723700.000000
2014-12-19	0.010272	0.000802	0.012952	-0.008196	5.235595	3690200.000000
2014-12-18	0.012300	0.015964	0.017786	-0.000376	6.192994	2926700.000000
2014-12-17	0.019177	0.003250	0.023436	0.002866	9.473999	2883100.000000
2014-12-16	-0.035831	-0.004360	-0.001460	-0.048268	-18.359620	3964200.000000
2014-12-15	-0.009370	0.007866	0.008561	-0.010392	-4.846679	2813400.000000
2014-12-12	-0.018322	-0.009142	0.000303	-0.018322	-9.653504	1994500.000000
2014-12-11	0.004334	0.003308	0.014941	0.001977	2.273804	1610800.000000
2014-12-10	-0.013705	-0.000544	0.005550	-0.014643	-7.290039	1712200.000000
2014-12-09	0.012126	-0.009184	0.013682	-0.012296	6.372559	1871300.000000
2014-12-08	0.003275	0.003560	0.010928	-0.002799	1.715271	2329300.000000
2014-12-05	-0.022427	-0.011744	-0.008226	-0.024250	-12.017029	2565600.000000
2014-12-04	0.011274	-0.000301	0.011330	-0.005138	5.973633	1392100.000000
2014-12-03	-0.004553	-0.004328	0.004208	-0.008412	-2.423340	1277900.000000
2014-12-02	-0.000094	-0.000543	0.003185	-0.007493	-0.049866	1526600.000000
2014-12-01	-0.014820	-0.005408	-0.000775	-0.018401	-8.008057	2115300.000000
2014-11-28	0.002702	0.000463	0.003016	-0.006977	1.455994	1148300.000000
2014-11-26	-0.001312	-0.000370	0.000869	-0.007463	-0.708008	1522900.000000
2014-11-25	0.003356	-0.000501	0.008734	-0.001239	1.804993	1789900.000000
2014-11-24	0.003293	0.000279	0.009674	-0.003498	1.765198	1706300.000000
2014-11-21	0.004992	0.012677	0.013668	0.003235	2.662658	2224200.000000
2014-11-20	-0.004022	-0.010689	-0.003501	-0.011006	-2.154052	1563300.000000
2014-11-19	0.003663	-0.000056	0.006000	-0.009252	1.954589	1392200.000000
2014-11-18	-0.002758	0.001845	0.010121	-0.004361	-1.475891	1962600.000000
2014-11-17	-0.014493	-0.001506	-0.001121	-0.018992	-7.868408	1726000.000000
2014-11-14	-0.001797	0.002384	0.002384	-0.005923	-0.977356	1289500.000000
2014-11-13	-0.003526	0.004550	0.004550	-0.006998	-1.924682	1339300.000000
2014-11-12	-0.005415	0.000182	0.000309	-0.009304	-2.971863	1129600.000000
2014-11-11	0.005114	0.001827	0.008128	-0.002173	2.792358	965500.000000
2014-11-10	0.011978	0.000832	0.015859	0.000018	6.462219	1134600.000000
2014-11-07	-0.001900	0.007693	0.007693	-0.006217	-1.027160	1633700.000000
2014-11-06	-0.007107	-0.000769	0.001768	-0.009067	-3.869385	1333200.000000
2014-11-05	-0.014780	0.004855	0.004855	-0.018155	-8.167541	2032200.000000
2014-11-04	-0.001999	-0.003998	0.000504	-0.010662	-1.106995	1244200.000000
2014-11-03	-0.006904	-0.006403	-0.002111	-0.010464	-3.849426	1382200.000000
2014-10-31	0.015936	0.016427	0.016827	0.008068	8.745971	2035000.000000
2014-10-30	0.001784	-0.000692	0.006317	-0.010595	0.977356	1455600.000000
2014-10-29	0.000783	0.002004	0.009637	-0.003498	0.428833	1770500.000000
2014-10-28	0.015034	0.004124	0.015182	0.001572	8.107727	1270900.000000
2014-10-27	0.001834	-0.005095	0.008578	-0.005095	0.987305	1185300.000000
2014-10-24	-0.007721	0.000699	0.001654	-0.015056	-4.188538	1973100.000000
2014-10-23	0.021156	0.012408	0.027238	0.005894	11.239136	2348800.000000
2014-10-22	0.011718	0.006362	0.025183	0.004292	6.153137	2919200.000000
2014-10-21	0.010944	0.008352	0.011424	-0.003322	5.684388	2336200.000000
2014-10-20	0.018917	-0.003365	0.020717	-0.006006	9.643524	2607500.000000
2014-10-17	-0.025433	0.005224	0.012335	-0.030467	-13.303498	5539300.000000
2014-10-16	-0.010414	-0.020810	-0.001132	-0.028357	-5.504882	3708500.000000
2014-10-15	-0.014704	-0.012882	-0.009555	-0.036510	-7.888306	3719300.000000
2014-10-14	0.008871	0.010671	0.026219	-0.000075	4.717041	2222500.000000
2014-10-13	-0.020717	0.000918	0.009201	-0.020919	-11.249146	2581600.000000
2014-10-10	-0.029222	-0.005634	0.007577	-0.030006	-16.345092	3081900.000000
2014-10-09	-0.020297	-0.002306	-0.001764	-0.023476	-11.588196	2524800.000000
2014-10-08	0.015539	0.003246	0.017987	-0.011087	8.736023	1990800.000000
2014-10-07	-0.023573	-0.005110	-0.003603	-0.023573	-13.572754	1911300.000000
2014-10-06	0.003598	0.006119	0.009943	-0.001460	2.064331	1214600.000000
2014-10-03	0.009122	0.005210	0.012533	0.004245	5.185791	1141700.000000
2014-10-02	0.003185	-0.001689	0.006405	-0.008711	1.804993	1178400.000000
2014-10-01	-0.015744	-0.002338	0.000381	-0.017926	-9.065064	1445400.000000
2014-09-30	0.001735	0.000989	0.006055	-0.006090	0.997254	1621700.000000
2014-09-29	-0.001282	-0.009270	0.001889	-0.010276	-0.737976	1282400.000000
2014-09-26	0.003547	0.001739	0.007286	-0.000696	2.034423	1443600.000000
2014-09-25	-0.021990	-0.000748	-0.000017	-0.023487	-12.894592	1925900.000000
2014-09-24	0.011805	0.000568	0.014627	-0.001050	6.841187	1728100.000000
2014-09-23	-0.010624	-0.000885	-0.000885	-0.010845	-6.222901	1471400.000000
2014-09-22	-0.014612	-0.003791	-0.003575	-0.021172	-8.686157	1689500.000000
2014-09-19	0.011557	0.003784	0.012235	0.000390	6.791321	3736600.000000
2014-09-18	0.007695	0.003814	0.008157	0.000393	4.487732	1444500.000000
2014-09-17	0.008311	0.000103	0.013053	-0.002026	4.806762	1692800.000000
2014-09-16	0.011953	-0.000593	0.014657	-0.000768	6.831238	1480300.000000
2014-09-15	-0.004378	-0.004656	-0.001164	-0.012873	-2.513061	1597500.000000
2014-09-12	-0.009856	-0.000602	0.000499	-0.011852	-5.714356	1601600.000000
2014-09-11	-0.003001	-0.004699	-0.002212	-0.011730	-1.745178	1221000.000000
2014-09-10	0.003597	0.000843	0.004286	-0.007005	2.084290	977300.000000
2014-09-09	-0.014770	-0.001390	-0.001221	-0.016482	-8.686158	1287200.000000
2014-09-08	0.006211	0.000887	0.009708	0.000375	3.630005	1431000.000000
2014-09-05	0.007045	0.003437	0.007853	-0.000052	4.088806	1632300.000000
2014-09-04	0.006990	0.003564	0.013946	0.002215	4.028931	1458100.000000
2014-09-03	0.001057	0.004625	0.009804	-0.004036	0.608337	1215100.000000
2014-09-02	0.010024	0.000437	0.010899	-0.000717	5.714295	1578400.000000
2014-08-29	0.004216	0.003742	0.004989	-0.003744	2.393432	1083700.000000
2014-08-28	-0.003152	-0.002522	0.003941	-0.006830	-1.795043	1292900.000000
2014-08-27	-0.011871	-0.001021	0.001090	-0.013424	-6.841248	1703300.000000
2014-08-26	-0.004033	0.001827	0.002758	-0.006239	-2.333618	1639600.000000
2014-08-25	-0.004051	0.003708	0.004188	-0.006111	-2.353516	1361400.000000
2014-08-22	-0.001389	0.000377	0.003199	-0.004680	-0.807800	789000.000000
2014-08-21	-0.001916	-0.001146	0.000017	-0.005731	-1.116882	914800.000000
2014-08-20	-0.004038	-0.001670	-0.000273	-0.007310	-2.363526	1036700.000000
2014-08-19	0.008073	0.004878	0.008898	0.003161	4.687134	978600.000000
2014-08-18	0.015136	0.004586	0.019233	0.004394	8.656189	1284100.000000
2014-08-15	-0.002036	0.005586	0.008231	-0.007187	-1.166748	1519100.000000
2014-08-14	-0.000226	0.002436	0.005428	-0.006785	-0.129639	985400.000000
2014-08-13	0.021413	0.008139	0.021804	0.005367	12.016968	1439200.000000
2014-08-12	-0.009069	-0.005917	-0.003487	-0.012327	-5.135864	1542000.000000
2014-08-11	-0.001565	0.002145	0.003024	-0.004870	-0.887574	1214700.000000
2014-08-08	0.009603	0.000355	0.012230	-0.005343	5.395203	1494700.000000
2014-08-07	-0.005322	0.002871	0.006208	-0.009312	-3.005798	1110900.000000
2014-08-06	0.002308	-0.005822	0.009963	-0.008972	1.300476	1334300.000000
2014-08-05	-0.014098	-0.005409	-0.002041	-0.018390	-8.057923	1551200.000000
2014-08-04	0.012507	0.005247	0.016394	-0.003480	7.060669	1427300.000000
2014-08-01	-0.009675	-0.002099	0.007628	-0.015308	-5.514892	1955200.000000
2014-07-31	-0.026931	-0.011610	-0.006418	-0.029655	-15.776673	2102700.000000
2014-07-30	0.003091	0.001605	0.006643	-0.002749	1.805054	1016400.000000
2014-07-29	-0.008449	-0.003132	-0.001524	-0.011996	-4.976379	1349800.000000
2014-07-28	0.002682	-0.001613	0.005908	-0.007244	1.575683	986800.000000
2014-07-25	-0.007297	-0.004972	-0.002511	-0.010651	-4.318115	932400.000000
2014-07-24	-0.004413	0.000789	0.005906	-0.007064	-2.622803	1035100.000000
2014-07-23	0.002085	-0.002539	0.005229	-0.003766	1.236573	1233100.000000
2014-07-22	0.008940	0.002121	0.017270	0.001917	5.255615	1699100.000000
2014-07-21	-0.009427	-0.005596	-0.001143	-0.016547	-5.594666	2062100.000000
2014-07-18	0.037213	0.033587	0.040211	0.014414	21.291565	4014100.000000
2014-07-17	-0.015326	-0.005372	-0.002866	-0.024114	-8.905578	3016500.000000
2014-07-16	-0.003625	0.005506	0.006190	-0.004412	-2.114197	1397100.000000
2014-07-15	-0.000154	0.001488	0.001599	-0.014208	-0.089722	1623000.000000
2014-07-14	0.009824	0.005905	0.010411	-0.001986	5.674378	1854000.000000
2014-07-11	0.014148	0.001418	0.017072	0.000560	8.057922	1621700.000000
2014-07-10	-0.008645	-0.017654	0.000885	-0.019216	-4.966370	1356700.000000
2014-07-09	0.008738	0.000858	0.009858	-0.003001	4.976319	1116700.000000
2014-07-08	-0.019167	-0.007883	-0.004675	-0.027677	-11.129456	1909500.000000
2014-07-07	-0.004241	-0.001659	0.002907	-0.008790	-2.473205	1064600.000000
2014-07-03	0.004113	0.001743	0.004594	-0.002430	2.388427	714100.000000
2014-07-02	-0.000575	0.001167	0.004754	-0.003913	-0.334045	1056300.000000
2014-07-01	0.012846	0.005284	0.015853	0.002381	7.369751	1447900.000000
2014-06-30	-0.003395	0.002460	0.004036	-0.004314	-1.954651	1313700.000000
2014-06-27	0.002153	0.002049	0.006719	-0.003819	1.236633	2236900.000000
2014-06-26	-0.004580	0.004061	0.006567	-0.011751	-2.642761	1741900.000000
2014-06-25	0.024849	0.001133	0.027169	0.001063	13.991577	1969300.000000
2014-06-24	-0.000584	0.000425	0.013622	-0.006974	-0.329101	2207100.000000
2014-06-23	0.015440	-0.002175	0.015530	-0.003792	8.566528	1536800.000000
2014-06-20	0.002631	0.003514	0.004830	-0.008124	1.455994	4508300.000000
2014-06-19	0.002765	0.001572	0.002946	-0.008783	1.525818	2456800.000000
2014-06-18	0.019079	0.003407	0.019429	0.001823	10.331604	1741700.000000
2014-06-17	-0.002333	-0.000147	0.001911	-0.009095	-1.266541	1444500.000000
2014-06-16	-0.013557	-0.004531	-0.003878	-0.018559	-7.459473	1702500.000000
2014-06-13	0.000744	0.001651	0.001723	-0.010501	0.408875	1220500.000000
2014-06-12	-0.013403	-0.002756	-0.001521	-0.018574	-7.469482	1458400.000000
2014-06-11	-0.003051	-0.004549	-0.001195	-0.009865	-1.705323	1100100.000000
2014-06-10	-0.002793	-0.002864	0.002633	-0.007507	-1.565735	1351700.000000
2014-06-09	0.010408	0.001474	0.011810	-0.000521	5.774170	1467500.000000
2014-06-06	0.004387	0.007510	0.007510	-0.008973	2.423340	1736700.000000
2014-06-05	0.016965	0.003195	0.018893	-0.000386	9.214722	1689100.000000
2014-06-04	-0.000514	-0.006313	0.006735	-0.011359	-0.279236	1816400.000000
2014-06-03	-0.016230	-0.005308	-0.002870	-0.020544	-8.965393	1866600.000000
2014-06-02	-0.010645	0.001447	0.001804	-0.025291	-5.943726	1435000.000000
2014-05-30	-0.000339	0.001286	0.002268	-0.007445	-0.189453	1771100.000000
2014-05-29	-0.002849	0.002973	0.004130	-0.005288	-1.595642	1354100.000000
2014-05-28	-0.007545	-0.002438	0.003340	-0.008746	-4.258301	1652000.000000
2014-05-27	0.023973	0.005971	0.024064	0.002985	13.213745	2104100.000000
2014-05-23	0.014017	0.004036	0.015741	-0.002495	7.619080	1932100.000000
2014-05-22	0.011356	0.004063	0.016069	0.003414	6.103210	1615800.000000
2014-05-21	0.017309	0.005908	0.017768	0.004039	9.144898	1196200.000000
2014-05-20	0.001721	0.001664	0.013936	-0.004841	0.907532	1784700.000000
2014-05-19	0.015808	-0.001786	0.017575	-0.005852	8.207458	1277700.000000
2014-05-16	0.001250	0.002712	0.003500	-0.008731	0.648255	1485200.000000
2014-05-15	-0.012665	-0.001804	-0.001481	-0.017526	-6.651795	1704300.000000
2014-05-14	-0.012081	-0.000169	-0.000169	-0.014632	-6.422363	1191700.000000
2014-05-13	0.005982	0.001830	0.011605	-0.000774	3.161316	1653400.000000
2014-05-12	0.021572	0.009215	0.022092	0.000540	11.159363	1912500.000000
2014-05-09	0.015127	-0.000489	0.017417	-0.013307	7.708862	2439400.000000
2014-05-08	0.002039	-0.002941	0.014256	-0.006883	1.037140	2021300.000000
2014-05-07	-0.010055	0.001262	0.002989	-0.022984	-5.165802	3224300.000000
2014-05-06	-0.024005	-0.004888	-0.001895	-0.024156	-12.635315	1689000.000000
2014-05-05	-0.000227	-0.005891	0.001837	-0.012521	-0.119690	1024100.000000
2014-05-02	-0.006436	0.004536	0.004987	-0.010803	-3.410645	1688500.000000
2014-05-01	0.008905	0.000854	0.011905	-0.005279	4.677185	1905500.000000
2014-04-30	-0.001971	-0.000190	0.000568	-0.009816	-1.037170	1751100.000000
2014-04-29	0.020400	-0.000483	0.023804	-0.001605	10.521118	2699000.000000
2014-04-28	0.001879	0.001937	0.004688	-0.025921	0.967346	3335500.000000
2014-04-25	-0.017099	-0.005046	-0.000876	-0.018547	-8.955383	2100300.000000
2014-04-24	-0.003378	0.005940	0.008938	-0.009147	-1.775146	1883100.000000
2014-04-23	-0.014716	-0.001907	-0.001758	-0.016006	-7.848450	2052300.000000
2014-04-22	0.011710	0.000038	0.016288	-0.002100	6.173035	2365300.000000
2014-04-21	-0.013953	0.000000	0.001119	-0.019586	-7.459473	2566700.000000
2014-04-17	-0.036727	-0.013889	-0.012650	-0.045621	-20.384033	6809500.000000
2014-04-16	0.037469	0.012229	0.038327	0.006636	20.044922	4893200.000000
2014-04-15	0.007361	0.008075	0.011136	-0.026403	3.909301	3855000.000000
2014-04-14	0.003619	0.014418	0.025443	-0.001960	1.914734	2575000.000000
2014-04-11	-0.019133	-0.015528	-0.001756	-0.026657	-10.321655	3924800.000000
2014-04-10	-0.041107	0.001524	0.001524	-0.042968	-23.126526	4036800.000000
2014-04-09	0.016652	0.008506	0.018868	-0.003514	9.214722	3330800.000000
2014-04-08	0.031125	0.008269	0.031311	0.006429	16.704101	3151200.000000
2014-04-07	-0.009187	-0.004419	0.009832	-0.029440	-4.976318	4401600.000000
2014-04-04	-0.046688	0.008618	0.014094	-0.046934	-26.527161	6369300.000000
2014-04-03	0.004832	0.005026	0.035767	-0.005062	2.732483	5099100.000000
2014-04-02	-0.000282	0.057885	0.066419	-0.008763	-0.159546	147100.000000
2014-04-01	0.018295	0.003124	0.020612	0.003124	10.162110	7900.000000
2014-03-31	-0.005393	0.012322	0.012518	-0.005464	-3.011780	10800.000000
2014-03-28	0.002740	0.004906	0.014271	0.000376	1.525818	41200.000000
2014-03-27	-0.012309	0.004564	0.004564	-0.022107	-6.940491	13100.000000
2014-03-26	-0.023086	0.002839	0.011090	-0.023491	-13.325073	5179200.000000
2014-03-25	0.000682	0.006969	0.010286	-0.009439	0.393554	4838400.000000
2014-03-24	-0.021225	0.000972	0.001572	-0.031351	-12.508117	6096800.000000
2014-03-21	-0.011795	0.007643	0.010416	-0.012287	-7.033631	6441000.000000
2014-03-20	-0.001743	0.000584	0.008639	-0.003244	-1.041137	3381900.000000
2014-03-19	-0.009915	0.000446	0.000603	-0.013911	-5.982544	3237800.000000
2014-03-18	0.016072	0.002156	0.016299	0.000805	9.544189	3643500.000000
2014-03-17	0.016456	0.005500	0.020694	0.004528	9.613953	4340300.000000
2014-03-14	-0.013675	-0.005946	0.001522	-0.013902	-8.099609	4604900.000000
2014-03-13	-0.015108	0.000538	0.002651	-0.018670	-9.085938	4708600.000000
2014-03-12	0.006092	-0.002992	0.006550	-0.013167	3.641357	3943200.000000
2014-03-11	-0.009558	0.001816	0.002270	-0.012323	-5.768371	3438800.000000
2014-03-10	-0.002651	0.000741	0.002346	-0.008808	-1.604004	2438200.000000
2014-03-07	-0.003952	0.005895	0.006051	-0.006699	-2.401001	3041500.000000
2014-03-06	0.001108	0.003300	0.006476	0.000279	0.672485	2545600.000000
2014-03-05	0.002757	0.000115	0.006725	-0.002881	1.668763	2479700.000000
2014-03-04	0.010161	0.010235	0.011067	0.005662	6.087158	2946300.000000
2014-03-03	-0.010661	-0.007321	-0.006425	-0.019339	-6.455811	4225300.000000
2014-02-28	-0.002920	0.000927	0.004085	-0.010654	-1.773376	4644500.000000
2014-02-27	-0.000787	-0.001459	0.003327	-0.002590	-0.478150	2529400.000000
2014-02-26	0.000139	0.003279	0.007279	-0.005115	0.084656	3979100.000000
2014-02-25	0.006177	0.002829	0.009889	-0.001724	3.731018	2888100.000000
2014-02-24	0.007244	0.001304	0.013599	0.001088	4.343689	3361100.000000
2014-02-21	-0.000266	0.003073	0.004784	-0.001055	-0.159363	3738500.000000
2014-02-20	0.001472	0.000665	0.003784	-0.001763	0.881653	3414300.000000
2014-02-19	-0.007053	-0.004608	-0.001371	-0.011050	-4.254028	4222900.000000
2014-02-18	0.006718	-0.001156	0.008372	-0.002328	4.024902	4233500.000000
2014-02-14	0.002417	-0.003575	0.003742	-0.005917	1.444580	4389700.000000
2014-02-13	0.011132	-0.005005	0.011132	-0.005924	6.580384	3686400.000000
2014-02-12	-0.002932	-0.000992	-0.000151	-0.007394	-1.738526	3461800.000000
2014-02-11	0.014707	0.006173	0.016148	-0.000614	8.592835	4116900.000000
2014-02-10	-0.003830	-0.004790	0.004213	-0.007151	-2.246582	3904800.000000
2014-02-07	0.015069	0.006612	0.015466	0.000517	8.707336	5292000.000000
2014-02-06	0.014661	0.006937	0.014835	0.003805	8.348694	3907600.000000
2014-02-05	0.004428	0.004586	0.011079	-0.008909	2.510620	4806800.000000
2014-02-04	0.004173	0.004023	0.019031	0.003159	2.356140	5644800.000000
2014-02-03	-0.040255	-0.001499	0.000635	-0.041457	-23.681213	9172400.000000
2014-01-31	0.040145	0.031672	0.045051	0.013863	22.704895	11174200.000000
2014-01-30	0.025720	0.034402	0.041168	0.018366	14.181823	10220800.000000
2014-01-29	-0.014328	-0.003464	-0.001122	-0.021006	-8.014953	4777500.000000
2014-01-28	0.019778	0.008254	0.022266	0.007909	10.849365	4436900.000000
2014-01-27	-0.020110	0.002020	0.002376	-0.036981	-11.257812	8739800.000000
2014-01-24	-0.031265	-0.007836	-0.005646	-0.031980	-18.067322	7814000.000000
2014-01-23	-0.004223	-0.004309	-0.002172	-0.009141	-2.450806	3912700.000000
2014-01-22	0.001134	0.002501	0.003601	-0.004159	0.657532	3154500.000000
2014-01-21	0.011447	0.009039	0.011708	0.000669	6.560425	3974500.000000
2014-01-17	-0.004921	0.000545	0.003814	-0.010396	-2.834351	5422800.000000
2014-01-16	0.006617	0.000418	0.008105	-0.000540	3.785767	3380300.000000
2014-01-15	-0.000679	0.003123	0.004872	-0.004881	-0.388550	3915000.000000
2014-01-14	0.023527	0.013331	0.024952	0.004550	13.160705	4983700.000000
2014-01-13	-0.006371	-0.003283	0.014803	-0.011511	-3.586547	4855800.000000
2014-01-10	-0.000053	0.007821	0.007821	-0.007069	-0.029908	4302900.000000
2014-01-09	-0.009630	0.001937	0.002620	-0.013731	-5.474487	4184500.000000
2014-01-08	0.002081	0.006269	0.007429	-0.004891	1.180603	4501700.000000
2014-01-07	0.019278	0.006874	0.020021	0.003437	10.729736	5124300.000000
2014-01-06	0.011149	0.007249	0.012543	0.001303	6.137024	3551800.000000
2014-01-03	-0.007295	0.001689	0.003423	-0.007358	-4.044860	3345800.000000
2014-01-02	-0.006772	-0.004685	-0.002641	-0.011109	-3.780823	3656400.000000